Example_L1_M5.mph
121	21
%e\t%e\t%e\t%e\t%e\t%e\t%e\t%e\t%e\t%e\t%e\t%e\t%e\t%e\t%e\t%e\t%e\t%e\t%e\t%e\t%e\t\n
-1.220120e-09	2.224542e-09	-9.760961e-10	-1.895541e-10	-6.754206e-11	5.446995e-11	1.764820e-10	2.984940e-10	-2.440240e-10	-1.220120e-10	0.000000e+00	1.220120e-10	2.440240e-10	-2.984940e-10	-1.764820e-10	-5.446995e-11	6.754206e-11	1.895541e-10	9.760961e-10	-2.224542e-09	1.220120e-09	
0.000000e+00	0.000000e+00	0.000000e+00	0.000000e+00	0.000000e+00	0.000000e+00	0.000000e+00	0.000000e+00	0.000000e+00	0.000000e+00	0.000000e+00	0.000000e+00	0.000000e+00	0.000000e+00	0.000000e+00	0.000000e+00	0.000000e+00	0.000000e+00	0.000000e+00	0.000000e+00	0.000000e+00	
0.000000e+00	0.000000e+00	0.000000e+00	0.000000e+00	0.000000e+00	0.000000e+00	0.000000e+00	0.000000e+00	0.000000e+00	0.000000e+00	0.000000e+00	0.000000e+00	0.000000e+00	0.000000e+00	0.000000e+00	0.000000e+00	0.000000e+00	0.000000e+00	0.000000e+00	0.000000e+00	0.000000e+00	
0.000000e+00	0.000000e+00	0.000000e+00	0.000000e+00	0.000000e+00	0.000000e+00	0.000000e+00	0.000000e+00	0.000000e+00	0.000000e+00	0.000000e+00	0.000000e+00	0.000000e+00	0.000000e+00	0.000000e+00	0.000000e+00	0.000000e+00	0.000000e+00	0.000000e+00	0.000000e+00	0.000000e+00	
0.000000e+00	0.000000e+00	0.000000e+00	0.000000e+00	0.000000e+00	0.000000e+00	0.000000e+00	0.000000e+00	0.000000e+00	0.000000e+00	0.000000e+00	0.000000e+00	0.000000e+00	0.000000e+00	0.000000e+00	0.000000e+00	0.000000e+00	0.000000e+00	0.000000e+00	0.000000e+00	0.000000e+00	
0.000000e+00	0.000000e+00	0.000000e+00	0.000000e+00	0.000000e+00	0.000000e+00	0.000000e+00	0.000000e+00	0.000000e+00	0.000000e+00	0.000000e+00	0.000000e+00	0.000000e+00	0.000000e+00	0.000000e+00	0.000000e+00	0.000000e+00	0.000000e+00	0.000000e+00	0.000000e+00	0.000000e+00	
0.000000e+00	0.000000e+00	0.000000e+00	0.000000e+00	0.000000e+00	0.000000e+00	0.000000e+00	0.000000e+00	0.000000e+00	0.000000e+00	0.000000e+00	0.000000e+00	0.000000e+00	0.000000e+00	0.000000e+00	0.000000e+00	0.000000e+00	0.000000e+00	0.000000e+00	0.000000e+00	0.000000e+00	
0.000000e+00	0.000000e+00	0.000000e+00	0.000000e+00	0.000000e+00	0.000000e+00	0.000000e+00	0.000000e+00	0.000000e+00	0.000000e+00	0.000000e+00	0.000000e+00	0.000000e+00	0.000000e+00	0.000000e+00	1.620759e-08	1.612591e-08	1.584649e-08	1.232868e-08	1.329706e-08	3.712215e-08	
0.000000e+00	0.000000e+00	0.000000e+00	0.000000e+00	0.000000e+00	0.000000e+00	0.000000e+00	0.000000e+00	0.000000e+00	0.000000e+00	0.000000e+00	3.312613e-08	2.924138e-08	2.579072e-08	2.110183e-08	-2.588721e-10	-1.771884e-10	1.022289e-10	9.619173e-10	-6.458897e-12	2.749656e-09	
0.000000e+00	0.000000e+00	0.000000e+00	0.000000e+00	0.000000e+00	0.000000e+00	0.000000e+00	0.000000e+00	0.000000e+00	4.521935e-08	3.951349e-08	1.003715e-10	-2.062320e-12	1.259548e-10	1.631324e-10	0.000000e+00	0.000000e+00	2.983393e-09	7.024605e-08	1.122996e-07	6.459713e-10	
0.000000e+00	0.000000e+00	0.000000e+00	0.000000e+00	0.000000e+00	0.000000e+00	0.000000e+00	5.343672e-08	4.964904e-08	-3.130506e-11	1.266282e-13	1.829429e-09	1.578769e-07	1.438563e-07	1.275726e-07	1.113416e-07	1.558733e-07	2.267155e-07	1.013568e-07	1.226128e-07	4.620963e-07	
0.000000e+00	0.000000e+00	0.000000e+00	0.000000e+00	6.080010e-08	6.145349e-08	5.710950e-08	-2.743151e-10	1.907131e-10	2.372411e-07	2.193871e-07	1.855335e-07	2.812116e-10	-3.177847e-10	1.712687e-11	2.994337e-10	1.857059e-07	2.285475e-10	1.174944e-09	-2.326894e-09	2.428716e-09	
0.000000e+00	0.000000e+00	0.000000e+00	5.070884e-08	-3.278696e-10	4.563150e-09	2.997848e-07	2.750385e-07	2.562614e-07	-3.831430e-12	1.598249e-13	3.449701e-11	1.317660e-08	3.149085e-07	3.854790e-07	4.124479e-07	-1.082149e-11	8.316991e-08	4.865609e-07	4.478416e-07	3.173889e-08	
0.000000e+00	4.101041e-07	4.743533e-07	3.566356e-07	3.146383e-07	2.928863e-07	-4.170859e-11	7.694991e-11	6.436391e-07	6.125204e-07	5.898985e-07	5.882210e-07	4.422357e-07	7.871581e-11	-5.153588e-11	8.809739e-08	5.486516e-07	6.692817e-07	1.455568e-07	5.068596e-07	1.149264e-06	
1.086091e-06	3.094182e-07	9.710943e-07	6.402731e-07	7.442528e-07	8.053839e-07	7.140140e-07	6.592363e-07	-1.268017e-10	1.762665e-10	4.848757e-12	-1.118731e-10	3.418094e-07	7.547354e-07	3.189694e-07	-1.542030e-10	2.502392e-10	-2.036633e-10	-8.141744e-10	2.222011e-09	1.860664e-09	
1.378299e-06	1.043946e-06	4.062330e-07	1.038983e-06	4.257020e-07	1.563552e-07	1.168035e-06	1.128134e-06	1.088003e-06	1.072724e-06	1.067196e-06	1.089478e-06	6.527340e-07	8.018732e-09	7.685490e-07	1.122548e-06	3.953222e-07	4.388725e-07	1.437585e-06	8.562391e-07	2.213866e-07	
2.730546e-07	1.173189e-06	8.603056e-07	3.605801e-08	8.824354e-07	1.038254e-06	-9.977074e-11	2.160037e-10	-1.670740e-10	-1.723987e-10	-2.736274e-11	-3.127901e-10	7.385486e-07	1.499480e-06	5.958480e-07	3.593579e-07	1.384470e-06	1.220758e-06	7.987128e-08	1.242195e-06	1.857537e-06	
1.279263e-06	2.927429e-07	6.520045e-07	1.519664e-06	1.455139e-06	1.627970e-06	1.365128e-06	1.240489e-06	1.508788e-06	1.576969e-06	1.542155e-06	1.400791e-06	7.193252e-07	3.701753e-07	1.415239e-06	1.587383e-06	4.002993e-07	-2.292390e-09	-2.327317e-09	1.481249e-09	1.055832e-09	
4.726277e-07	1.467435e-06	8.963442e-07	-3.401355e-11	2.096806e-10	3.145907e-10	-1.836798e-10	1.466892e-06	3.730389e-07	2.733119e-11	1.950444e-11	3.847317e-11	1.538577e-10	-2.056764e-10	9.821135e-11	1.746301e-10	2.319133e-10	1.080340e-06	2.518326e-06	1.021956e-06	8.275875e-07	
1.183358e-06	1.701324e-07	8.448476e-07	1.645796e-06	7.294018e-07	1.689782e-07	1.232540e-06	6.537755e-07	1.877832e-06	2.543288e-06	2.275214e-06	2.115068e-06	2.137097e-06	1.990566e-06	7.406329e-07	7.470851e-07	2.578552e-06	1.523307e-06	2.425308e-10	1.419980e-09	3.075078e-09	
7.168112e-07	1.763835e-06	8.892413e-07	1.610239e-07	1.379723e-06	1.957036e-06	6.849617e-07	3.682620e-11	2.519189e-10	1.839788e-12	4.041819e-12	1.310490e-10	3.122081e-11	-2.982263e-10	2.495938e-06	2.092023e-06	1.046082e-07	1.311255e-09	4.727626e-07	2.961433e-06	2.484222e-06	
1.040888e-06	2.957071e-08	1.191058e-06	1.785301e-06	7.215338e-07	5.554868e-07	2.193324e-06	2.357573e-06	1.134585e-06	0.000000e+00	0.000000e+00	0.000000e+00	2.361311e-06	2.073376e-06	3.096697e-07	-2.356268e-10	2.116664e-10	2.326616e-06	3.041957e-06	4.615676e-07	2.334378e-06	
-9.460169e-10	-1.782171e-09	8.148790e-11	4.781793e-07	1.851569e-06	1.846373e-06	6.285901e-07	8.150159e-07	2.313139e-06	3.271616e-06	3.343855e-06	3.222049e-06	-2.359469e-10	-4.216384e-11	-3.079491e-10	1.824450e-06	3.586993e-06	1.191248e-06	6.441492e-10	-6.708989e-10	-7.571427e-10	
6.790030e-07	1.313270e-06	5.590657e-07	-5.308348e-11	5.060116e-11	2.334999e-10	1.264377e-11	-1.223411e-10	-1.421292e-10	-1.643557e-12	2.591155e-10	4.415921e-07	2.179202e-06	3.298717e-06	3.617448e-06	1.872643e-06	1.397223e-10	-2.499430e-09	2.022242e-06	4.492824e-06	1.845520e-06	
6.048239e-07	2.164849e-07	1.377550e-06	1.352850e-06	2.286605e-07	0.000000e+00	0.000000e+00	0.000000e+00	0.000000e+00	0.000000e+00	0.000000e+00	-8.756662e-11	-2.077458e-10	9.614215e-12	2.535301e-10	-3.117524e-10	8.702523e-07	4.360135e-06	2.415938e-06	-6.005508e-10	1.873791e-09	
-1.283900e-09	-1.336173e-09	-1.749626e-10	1.328963e-10	-6.217370e-11	1.983106e-06	2.407073e-06	3.114217e-06	2.889633e-06	3.035767e-06	3.674998e-06	4.146925e-06	2.108016e-06	0.000000e+00	0.000000e+00	2.856456e-06	3.389689e-06	-8.182757e-10	8.803663e-10	1.569125e-06	5.292351e-06	
5.011933e-07	8.300757e-07	2.382607e-07	7.989576e-07	2.047114e-06	-1.482439e-10	1.341045e-06	5.323145e-08	9.207589e-12	5.917515e-12	-1.464545e-10	-2.572144e-10	2.046038e-06	4.354959e-06	3.923825e-06	1.048930e-06	-3.035463e-10	2.660586e-07	5.372428e-06	3.829359e-06	-2.691722e-09	
-2.795775e-09	5.868462e-10	1.387384e-06	9.247132e-07	1.677450e-07	1.287108e-06	-1.681154e-10	-2.982512e-10	0.000000e+00	0.000000e+00	0.000000e+00	0.000000e+00	-7.618611e-11	-2.937269e-10	2.244147e-10	5.747662e-11	3.388221e-06	5.049189e-06	4.186457e-08	-2.499428e-09	0.000000e+00	
8.856407e-08	1.687863e-07	-2.044182e-10	1.201570e-10	1.964031e-11	8.641368e-11	1.594634e-06	3.150299e-06	3.189658e-06	3.686726e-06	3.894984e-06	8.634364e-07	0.000000e+00	0.000000e+00	1.810981e-06	4.467016e-06	1.571003e-06	9.925607e-10	1.627437e-09	0.000000e+00	1.138605e-06	
-2.175163e-09	-2.653747e-09	0.000000e+00	0.000000e+00	1.819887e-06	1.847172e-06	7.257051e-07	2.374147e-10	1.931026e-11	2.198917e-10	2.649538e-07	3.898361e-06	4.559472e-06	1.207962e-06	-1.370443e-10	-4.554906e-11	-1.829318e-09	0.000000e+00	0.000000e+00	6.468283e-06	5.666549e-06	
-1.679431e-07	1.086404e-07	5.894102e-08	9.165903e-07	2.605112e-10	2.216953e-10	1.996003e-10	0.000000e+00	0.000000e+00	0.000000e+00	2.041298e-11	2.247592e-10	7.531657e-07	4.946622e-06	4.268467e-06	0.000000e+00	0.000000e+00	4.747873e-06	6.614305e-06	-2.406250e-09	-3.661917e-10	
1.810640e-09	-2.315626e-09	2.021534e-10	1.765277e-07	0.000000e+00	0.000000e+00	0.000000e+00	3.393507e-06	4.084085e-06	3.047780e-06	0.000000e+00	0.000000e+00	2.796592e-10	2.928138e-10	1.848208e-06	5.813157e-06	6.695402e-06	1.960576e-06	-2.231094e-09	0.000000e+00	0.000000e+00	
0.000000e+00	-5.401076e-08	6.980983e-07	1.037940e-06	1.675943e-06	2.192378e-06	2.731487e-06	2.473993e-10	-1.671867e-11	1.370622e-06	4.963145e-06	3.114536e-06	0.000000e+00	0.000000e+00	3.240129e-10	1.518931e-10	3.060822e-09	3.304792e-09	0.000000e+00	0.000000e+00	0.000000e+00	
-4.199467e-07	8.483589e-10	3.227362e-10	8.935562e-11	1.373965e-12	-9.388319e-11	-2.690392e-10	0.000000e+00	0.000000e+00	5.801286e-11	2.297348e-10	2.442050e-06	6.169016e-06	2.507651e-06	0.000000e+00	0.000000e+00	0.000000e+00	0.000000e+00	0.000000e+00	9.248296e-07	8.136123e-06	
-6.927983e-07	-2.418645e-07	0.000000e+00	0.000000e+00	0.000000e+00	0.000000e+00	0.000000e+00	0.000000e+00	0.000000e+00	0.000000e+00	0.000000e+00	2.139333e-10	-1.841597e-10	4.149408e-06	5.951858e-06	1.885012e-06	0.000000e+00	0.000000e+00	7.714881e-06	7.140559e-06	-2.275355e-09	
2.979912e-09	2.633692e-09	0.000000e+00	0.000000e+00	1.906892e-06	2.577887e-06	3.326867e-06	4.133119e-06	4.920960e-06	5.573678e-06	1.938208e-06	0.000000e+00	0.000000e+00	2.029780e-10	-3.274844e-10	2.253487e-09	4.965472e-06	7.965722e-06	3.128163e-10	2.006156e-09	0.000000e+00	
0.000000e+00	0.000000e+00	3.484468e-07	1.079974e-06	3.096516e-10	-1.750566e-10	-2.296488e-10	-8.329661e-12	1.747815e-11	-2.641523e-10	4.176703e-06	5.430242e-06	6.685230e-07	0.000000e+00	1.515752e-06	7.002630e-06	3.217348e-06	1.993583e-09	0.000000e+00	0.000000e+00	0.000000e+00	
0.000000e+00	-6.775024e-07	-2.330921e-10	-1.122081e-10	0.000000e+00	0.000000e+00	0.000000e+00	0.000000e+00	0.000000e+00	0.000000e+00	9.403178e-11	1.146786e-06	6.364115e-06	3.835591e-06	1.369980e-09	1.516702e-09	-2.454500e-09	0.000000e+00	0.000000e+00	0.000000e+00	0.000000e+00	
-1.754811e-06	-3.182228e-10	0.000000e+00	0.000000e+00	0.000000e+00	2.106375e-06	0.000000e+00	1.566164e-06	0.000000e+00	5.264728e-07	0.000000e+00	-1.748594e-10	8.377543e-11	7.653004e-11	0.000000e+00	0.000000e+00	0.000000e+00	0.000000e+00	0.000000e+00	0.000000e+00	0.000000e+00	
4.513110e-10	0.000000e+00	0.000000e+00	1.198471e-06	2.045616e-06	7.971719e-07	3.650068e-06	2.934680e-06	5.228971e-06	4.759845e-06	2.905286e-06	0.000000e+00	0.000000e+00	3.624272e-06	7.100919e-06	0.000000e+00	0.000000e+00	0.000000e+00	0.000000e+00	0.000000e+00	0.000000e+00	
0.000000e+00	0.000000e+00	2.121685e-07	-3.237062e-10	-1.924609e-10	-2.153483e-10	1.955612e-10	-1.610198e-12	1.613868e-11	1.823038e-11	2.773906e-06	5.856770e-06	1.651506e-06	7.436374e-11	2.907473e-09	0.000000e+00	0.000000e+00	6.379329e-06	0.000000e+00	0.000000e+00	0.000000e+00	
0.000000e+00	-9.039536e-07	-1.833839e-10	0.000000e+00	0.000000e+00	0.000000e+00	0.000000e+00	0.000000e+00	0.000000e+00	0.000000e+00	-1.182737e-10	-2.664862e-10	-1.489284e-10	0.000000e+00	8.032203e-07	8.605450e-06	8.535614e-06	1.205160e-06	1.135955e-05	4.583984e-06	0.000000e+00	
-8.990707e-07	1.928031e-10	0.000000e+00	0.000000e+00	1.829731e-06	3.465326e-06	1.031744e-06	3.588126e-06	0.000000e+00	0.000000e+00	0.000000e+00	5.252237e-07	7.623552e-06	5.536198e-06	8.610783e-10	2.137575e-10	-3.048234e-09	-2.201369e-09	-2.729795e-09	1.273108e-09	0.000000e+00	
1.955138e-09	0.000000e+00	4.352096e-07	1.454083e-06	7.141350e-07	1.978893e-10	3.439878e-06	2.398102e-11	6.882757e-06	6.918035e-06	4.629058e-06	-2.449815e-10	-6.318297e-11	-1.992121e-09	0.000000e+00	0.000000e+00	0.000000e+00	0.000000e+00	0.000000e+00	0.000000e+00	0.000000e+00	
-2.002774e-06	-9.741758e-07	5.758047e-11	-9.170563e-11	-4.485812e-11	0.000000e+00	6.152350e-13	1.928152e-06	-2.191574e-10	-2.776530e-10	5.822977e-11	6.685077e-06	1.319928e-06	4.101820e-06	7.518809e-06	1.781395e-06	0.000000e+00	0.000000e+00	0.000000e+00	0.000000e+00	0.000000e+00	
-5.516755e-07	-2.683338e-09	0.000000e+00	0.000000e+00	0.000000e+00	0.000000e+00	0.000000e+00	-1.820148e-11	0.000000e+00	0.000000e+00	2.038293e-06	9.558147e-11	-1.718406e-10	-1.669638e-09	-2.974010e-09	-4.546364e-10	0.000000e+00	0.000000e+00	0.000000e+00	0.000000e+00	0.000000e+00	
2.653812e-09	0.000000e+00	0.000000e+00	1.848370e-06	3.217622e-06	7.357063e-07	2.889322e-06	0.000000e+00	1.181386e-06	0.000000e+00	-1.798005e-10	0.000000e+00	0.000000e+00	0.000000e+00	0.000000e+00	0.000000e+00	0.000000e+00	0.000000e+00	0.000000e+00	0.000000e+00	-3.444788e-06	
0.000000e+00	-4.377930e-08	6.918098e-07	2.829645e-07	3.282380e-11	3.528078e-06	2.363635e-06	5.410276e-06	1.480792e-10	5.565045e-06	4.660314e-06	0.000000e+00	0.000000e+00	0.000000e+00	0.000000e+00	0.000000e+00	5.911255e-06	0.000000e+00	0.000000e+00	0.000000e+00	2.521926e-09	
-2.888000e-06	-2.737803e-09	-3.398970e-11	-1.868709e-10	0.000000e+00	-1.601072e-10	2.050627e-11	-7.147636e-11	0.000000e+00	-2.708222e-10	3.533823e-11	8.149948e-06	1.463758e-06	0.000000e+00	0.000000e+00	0.000000e+00	3.062322e-09	8.406359e-06	0.000000e+00	0.000000e+00	0.000000e+00	
-2.705235e-09	-9.202057e-07	0.000000e+00	0.000000e+00	0.000000e+00	0.000000e+00	0.000000e+00	0.000000e+00	6.957950e-06	2.462359e-06	3.929050e-06	2.115413e-07	8.814675e-06	6.500363e-06	8.692914e-06	2.038887e-06	0.000000e+00	-5.362840e-11	1.277993e-06	0.000000e+00	0.000000e+00	
0.000000e+00	3.154277e-09	1.330546e-06	0.000000e+00	4.315067e-06	2.658348e-06	4.749007e-06	1.264771e-06	-3.209350e-10	-2.747626e-10	3.163451e-10	2.924287e-10	1.182103e-09	3.125528e-06	-8.614603e-10	1.220120e-09	0.000000e+00	0.000000e+00	-2.094878e-09	0.000000e+00	0.000000e+00	
-1.579552e-08	-2.260852e-08	-1.566574e-10	3.513156e-06	-2.729997e-10	1.960920e-06	-1.001127e-11	5.708214e-06	0.000000e+00	0.000000e+00	0.000000e+00	0.000000e+00	0.000000e+00	3.149168e-09	0.000000e+00	0.000000e+00	0.000000e+00	0.000000e+00	0.000000e+00	0.000000e+00	0.000000e+00	
-2.536330e-06	2.672615e-09	1.765600e-07	2.139328e-10	0.000000e+00	-1.199942e-10	1.798857e-06	-7.136253e-11	0.000000e+00	0.000000e+00	0.000000e+00	0.000000e+00	0.000000e+00	0.000000e+00	0.000000e+00	1.084833e-05	5.107228e-06	0.000000e+00	0.000000e+00	0.000000e+00	0.000000e+00	
3.299627e-10	-1.074621e-08	2.049470e-10	1.029749e-06	0.000000e+00	4.579510e-06	2.546303e-11	0.000000e+00	8.780506e-06	2.003388e-06	0.000000e+00	0.000000e+00	0.000000e+00	0.000000e+00	0.000000e+00	-3.199707e-09	3.008009e-09	0.000000e+00	0.000000e+00	0.000000e+00	0.000000e+00	
0.000000e+00	-2.544393e-09	2.747493e-06	2.725937e-10	3.698084e-06	-2.333845e-10	0.000000e+00	1.499600e-06	-7.034052e-11	9.421147e-06	8.688058e-06	0.000000e+00	0.000000e+00	0.000000e+00	0.000000e+00	0.000000e+00	0.000000e+00	0.000000e+00	0.000000e+00	0.000000e+00	0.000000e+00	
-3.945598e-07	0.000000e+00	-3.262131e-10	0.000000e+00	2.611409e-11	0.000000e+00	0.000000e+00	6.135156e-06	1.224639e-06	6.524886e-11	7.755959e-12	1.136947e-05	5.238102e-06	0.000000e+00	0.000000e+00	0.000000e+00	0.000000e+00	0.000000e+00	0.000000e+00	0.000000e+00	0.000000e+00	
2.487119e-09	7.535544e-08	0.000000e+00	0.000000e+00	2.969126e-06	3.541302e-06	9.283566e-06	2.954428e-11	8.969423e-11	0.000000e+00	3.169149e-06	3.296401e-09	-1.605773e-09	0.000000e+00	6.500193e-07	0.000000e+00	0.000000e+00	0.000000e+00	0.000000e+00	0.000000e+00	0.000000e+00	
-1.505057e-06	-2.257140e-09	0.000000e+00	5.658518e-06	-5.485014e-12	-2.190724e-11	-2.143800e-10	0.000000e+00	0.000000e+00	0.000000e+00	-5.427502e-12	0.000000e+00	6.825159e-06	9.661047e-06	1.220120e-09	0.000000e+00	0.000000e+00	0.000000e+00	0.000000e+00	0.000000e+00	0.000000e+00	
3.218918e-09	1.177025e-06	1.081870e-07	-4.522591e-11	0.000000e+00	0.000000e+00	0.000000e+00	0.000000e+00	0.000000e+00	0.000000e+00	0.000000e+00	0.000000e+00	-4.358351e-10	1.220120e-09	0.000000e+00	0.000000e+00	0.000000e+00	0.000000e+00	0.000000e+00	0.000000e+00	0.000000e+00	
0.000000e+00	-8.068095e-10	1.313920e-10	0.000000e+00	0.000000e+00	0.000000e+00	3.211018e-07	0.000000e+00	0.000000e+00	0.000000e+00	0.000000e+00	0.000000e+00	0.000000e+00	0.000000e+00	0.000000e+00	0.000000e+00	0.000000e+00	0.000000e+00	0.000000e+00	0.000000e+00	0.000000e+00	
-3.272282e-07	1.868723e-07	4.248443e-06	0.000000e+00	3.849508e-06	6.804846e-06	-1.337992e-10	0.000000e+00	0.000000e+00	7.073868e-06	0.000000e+00	0.000000e+00	0.000000e+00	0.000000e+00	0.000000e+00	0.000000e+00	0.000000e+00	0.000000e+00	0.000000e+00	0.000000e+00	0.000000e+00	
1.608458e-09	-8.039208e-10	-1.027299e-10	4.770517e-07	3.891352e-06	7.841556e-12	0.000000e+00	1.006521e-05	1.400028e-05	5.458583e-11	0.000000e+00	2.804302e-06	0.000000e+00	0.000000e+00	0.000000e+00	1.877587e-06	0.000000e+00	0.000000e+00	0.000000e+00	0.000000e+00	0.000000e+00	
-3.967055e-07	0.000000e+00	0.000000e+00	6.550426e-06	2.503691e-10	0.000000e+00	0.000000e+00	2.597982e-06	4.080466e-11	6.897351e-06	1.308586e-05	1.427453e-11	0.000000e+00	0.000000e+00	1.594809e-05	3.032841e-09	0.000000e+00	0.000000e+00	0.000000e+00	0.000000e+00	0.000000e+00	
-2.012539e-09	2.689861e-06	0.000000e+00	-7.222471e-11	0.000000e+00	0.000000e+00	1.155331e-05	8.978345e-11	0.000000e+00	-1.942294e-10	-5.955449e-10	0.000000e+00	0.000000e+00	3.956046e-06	6.312094e-10	0.000000e+00	0.000000e+00	0.000000e+00	0.000000e+00	0.000000e+00	0.000000e+00	
5.792786e-08	1.485733e-09	2.188403e-06	0.000000e+00	0.000000e+00	3.957367e-06	2.053105e-10	0.000000e+00	0.000000e+00	0.000000e+00	0.000000e+00	0.000000e+00	7.800362e-06	-2.092446e-09	0.000000e+00	0.000000e+00	0.000000e+00	0.000000e+00	0.000000e+00	0.000000e+00	0.000000e+00	
1.879847e-09	0.000000e+00	3.660575e-06	0.000000e+00	0.000000e+00	4.710209e-06	0.000000e+00	0.000000e+00	0.000000e+00	0.000000e+00	0.000000e+00	1.291455e-05	1.220120e-09	0.000000e+00	0.000000e+00	0.000000e+00	0.000000e+00	0.000000e+00	0.000000e+00	0.000000e+00	0.000000e+00	
6.749141e-07	5.083053e-07	2.151361e-10	0.000000e+00	9.046446e-06	-1.762864e-10	0.000000e+00	0.000000e+00	0.000000e+00	0.000000e+00	1.534950e-06	-2.727684e-09	0.000000e+00	0.000000e+00	0.000000e+00	0.000000e+00	0.000000e+00	0.000000e+00	0.000000e+00	0.000000e+00	0.000000e+00	
2.906503e-09	3.174523e-06	0.000000e+00	4.749819e-06	1.117259e-12	0.000000e+00	0.000000e+00	0.000000e+00	0.000000e+00	0.000000e+00	1.146521e-10	0.000000e+00	0.000000e+00	0.000000e+00	0.000000e+00	0.000000e+00	0.000000e+00	0.000000e+00	0.000000e+00	0.000000e+00	0.000000e+00	
4.187984e-07	-1.332111e-09	0.000000e+00	2.576505e-06	0.000000e+00	0.000000e+00	0.000000e+00	0.000000e+00	4.758883e-06	0.000000e+00	0.000000e+00	0.000000e+00	0.000000e+00	0.000000e+00	0.000000e+00	0.000000e+00	0.000000e+00	0.000000e+00	0.000000e+00	0.000000e+00	0.000000e+00	
-1.444878e-10	0.000000e+00	6.621877e-06	1.194937e-10	1.197377e-06	5.568275e-06	1.150147e-05	1.454554e-05	-1.834911e-10	0.000000e+00	0.000000e+00	0.000000e+00	0.000000e+00	0.000000e+00	0.000000e+00	0.000000e+00	0.000000e+00	0.000000e+00	0.000000e+00	0.000000e+00	0.000000e+00	
0.000000e+00	0.000000e+00	1.647468e-10	5.251584e-06	-2.722299e-11	4.068619e-06	2.391166e-06	-3.050851e-10	1.080052e-05	1.105895e-05	0.000000e+00	0.000000e+00	0.000000e+00	0.000000e+00	0.000000e+00	0.000000e+00	0.000000e+00	0.000000e+00	0.000000e+00	0.000000e+00	0.000000e+00	
2.059276e-06	4.204483e-06	0.000000e+00	1.973150e-10	1.014157e-05	1.203450e-10	3.361909e-11	0.000000e+00	8.256069e-11	-2.496218e-09	0.000000e+00	0.000000e+00	0.000000e+00	1.167030e-05	0.000000e+00	0.000000e+00	4.864456e-06	0.000000e+00	0.000000e+00	0.000000e+00	0.000000e+00	
4.018748e-07	-1.915821e-12	0.000000e+00	0.000000e+00	-2.434027e-10	0.000000e+00	0.000000e+00	0.000000e+00	0.000000e+00	0.000000e+00	0.000000e+00	3.686922e-06	0.000000e+00	-1.150826e-09	0.000000e+00	1.258062e-05	-9.630899e-11	0.000000e+00	0.000000e+00	0.000000e+00	0.000000e+00	
-2.389319e-09	0.000000e+00	5.477197e-06	3.337128e-06	0.000000e+00	0.000000e+00	0.000000e+00	0.000000e+00	0.000000e+00	0.000000e+00	1.606712e-05	1.220120e-09	1.021949e-05	0.000000e+00	0.000000e+00	-1.066620e-09	0.000000e+00	0.000000e+00	1.556244e-06	0.000000e+00	1.786917e-05	
0.000000e+00	5.660181e-06	1.950329e-06	1.420843e-10	0.000000e+00	8.827614e-06	0.000000e+00	0.000000e+00	0.000000e+00	6.029236e-06	1.220120e-09	0.000000e+00	9.852855e-10	0.000000e+00	3.548545e-08	0.000000e+00	0.000000e+00	0.000000e+00	-1.244187e-09	0.000000e+00	4.263258e-11	
3.419307e-06	2.855168e-10	-7.305636e-11	6.788563e-06	5.992568e-07	2.903897e-12	0.000000e+00	0.000000e+00	0.000000e+00	-1.948917e-09	0.000000e+00	0.000000e+00	0.000000e+00	0.000000e+00	-2.258948e-09	0.000000e+00	0.000000e+00	1.169755e-05	0.000000e+00	0.000000e+00	0.000000e+00	
3.023035e-09	0.000000e+00	0.000000e+00	1.004190e-11	1.492809e-10	0.000000e+00	0.000000e+00	3.992514e-06	0.000000e+00	0.000000e+00	0.000000e+00	0.000000e+00	0.000000e+00	0.000000e+00	0.000000e+00	0.000000e+00	0.000000e+00	-1.818129e-09	0.000000e+00	1.422176e-05	0.000000e+00	
5.994638e-07	1.851919e-06	6.560679e-06	0.000000e+00	1.086971e-05	0.000000e+00	1.561419e-05	-1.771896e-11	8.060608e-06	0.000000e+00	0.000000e+00	0.000000e+00	0.000000e+00	0.000000e+00	0.000000e+00	0.000000e+00	1.194627e-05	0.000000e+00	0.000000e+00	-8.147954e-10	0.000000e+00	
3.027100e-06	1.265983e-10	2.263446e-10	2.877779e-06	1.249704e-11	6.044646e-06	2.696023e-10	1.224623e-05	-1.852466e-09	0.000000e+00	0.000000e+00	0.000000e+00	5.474646e-06	0.000000e+00	0.000000e+00	0.000000e+00	1.977859e-09	0.000000e+00	0.000000e+00	0.000000e+00	0.000000e+00	
1.770110e-09	5.427058e-06	2.220456e-06	-3.164808e-11	0.000000e+00	-8.076002e-11	0.000000e+00	-2.259366e-09	0.000000e+00	0.000000e+00	0.000000e+00	0.000000e+00	1.081085e-09	0.000000e+00	0.000000e+00	0.000000e+00	0.000000e+00	0.000000e+00	0.000000e+00	0.000000e+00	0.000000e+00	
1.779261e-06	1.591183e-10	-2.609793e-10	9.418726e-06	0.000000e+00	6.617456e-06	0.000000e+00	0.000000e+00	0.000000e+00	1.183406e-05	0.000000e+00	0.000000e+00	0.000000e+00	0.000000e+00	0.000000e+00	0.000000e+00	0.000000e+00	0.000000e+00	0.000000e+00	9.988265e-06	0.000000e+00	
1.679908e-09	2.204689e-06	7.203478e-06	2.559878e-10	3.561314e-06	-6.546982e-11	0.000000e+00	0.000000e+00	1.020596e-05	1.220120e-09	0.000000e+00	1.657864e-05	0.000000e+00	0.000000e+00	0.000000e+00	0.000000e+00	0.000000e+00	0.000000e+00	1.678781e-05	-3.782610e-10	1.415279e-05	
4.314947e-06	2.217401e-10	2.793460e-11	1.150808e-06	8.428966e-06	0.000000e+00	0.000000e+00	0.000000e+00	1.225702e-09	0.000000e+00	2.912834e-06	1.380563e-09	0.000000e+00	0.000000e+00	0.000000e+00	3.916255e-06	0.000000e+00	0.000000e+00	-1.783425e-09	0.000000e+00	1.696734e-09	
-2.147439e-09	5.959473e-06	0.000000e+00	1.584712e-10	-1.649091e-10	0.000000e+00	5.434436e-06	0.000000e+00	0.000000e+00	0.000000e+00	-2.192338e-09	0.000000e+00	0.000000e+00	0.000000e+00	0.000000e+00	-2.173481e-09	0.000000e+00	0.000000e+00	0.000000e+00	0.000000e+00	0.000000e+00	
0.000000e+00	3.215204e-11	3.578761e-06	0.000000e+00	0.000000e+00	1.277729e-05	9.057648e-11	6.218965e-06	0.000000e+00	0.000000e+00	0.000000e+00	0.000000e+00	0.000000e+00	0.000000e+00	1.976663e-05	0.000000e+00	0.000000e+00	0.000000e+00	0.000000e+00	0.000000e+00	0.000000e+00	
5.821486e-06	2.261817e-06	6.699610e-06	1.149896e-05	0.000000e+00	2.886335e-10	7.844735e-06	1.035837e-09	0.000000e+00	0.000000e+00	0.000000e+00	0.000000e+00	0.000000e+00	0.000000e+00	3.138257e-09	0.000000e+00	6.005587e-06	0.000000e+00	0.000000e+00	0.000000e+00	0.000000e+00	
-2.029982e-10	2.428481e-10	-1.829809e-11	7.075235e-11	0.000000e+00	0.000000e+00	7.067478e-10	0.000000e+00	7.355127e-06	0.000000e+00	1.426050e-05	0.000000e+00	0.000000e+00	1.368950e-05	0.000000e+00	0.000000e+00	1.764205e-09	8.133564e-06	0.000000e+00	0.000000e+00	0.000000e+00	
7.294028e-07	7.014654e-06	0.000000e+00	0.000000e+00	9.600091e-06	0.000000e+00	0.000000e+00	1.229465e-05	1.220120e-09	0.000000e+00	3.192988e-10	0.000000e+00	0.000000e+00	-1.855483e-10	0.000000e+00	0.000000e+00	0.000000e+00	2.832925e-10	0.000000e+00	0.000000e+00	1.193473e-05	
1.580227e-09	1.247077e-10	0.000000e+00	0.000000e+00	2.818465e-06	0.000000e+00	7.709431e-06	-8.462797e-10	0.000000e+00	9.201389e-06	0.000000e+00	0.000000e+00	0.000000e+00	0.000000e+00	0.000000e+00	0.000000e+00	0.000000e+00	0.000000e+00	0.000000e+00	0.000000e+00	2.330344e-10	
7.680960e-06	3.029706e-06	6.148853e-06	2.445339e-06	1.811968e-10	0.000000e+00	-8.830445e-10	0.000000e+00	0.000000e+00	2.352252e-09	0.000000e+00	0.000000e+00	1.554618e-05	0.000000e+00	0.000000e+00	0.000000e+00	0.000000e+00	8.010026e-06	0.000000e+00	0.000000e+00	0.000000e+00	
-3.220250e-10	-1.138793e-10	5.034873e-06	8.281841e-06	0.000000e+00	2.471181e-06	0.000000e+00	0.000000e+00	0.000000e+00	0.000000e+00	0.000000e+00	0.000000e+00	-2.822822e-09	0.000000e+00	0.000000e+00	1.610751e-05	0.000000e+00	-2.438697e-09	3.909456e-06	0.000000e+00	0.000000e+00	
0.000000e+00	7.214003e-06	-1.857082e-11	3.279934e-10	0.000000e+00	1.182170e-05	0.000000e+00	4.424550e-06	0.000000e+00	8.132001e-06	0.000000e+00	1.313697e-06	0.000000e+00	0.000000e+00	1.016518e-06	6.995204e-10	0.000000e+00	0.000000e+00	1.007834e-05	0.000000e+00	0.000000e+00	
7.826517e-06	1.354824e-10	0.000000e+00	0.000000e+00	1.288396e-05	4.946959e-10	0.000000e+00	1.220120e-09	1.407426e-05	1.846853e-09	0.000000e+00	1.593321e-05	0.000000e+00	0.000000e+00	2.128656e-10	0.000000e+00	0.000000e+00	0.000000e+00	5.600162e-10	1.089757e-05	0.000000e+00	
3.179291e-10	0.000000e+00	1.194630e-05	0.000000e+00	-5.135378e-11	0.000000e+00	1.207225e-05	0.000000e+00	4.852001e-10	0.000000e+00	0.000000e+00	-2.353083e-09	0.000000e+00	1.338422e-05	0.000000e+00	0.000000e+00	0.000000e+00	0.000000e+00	0.000000e+00	7.218158e-10	0.000000e+00	
0.000000e+00	4.882875e-06	2.083175e-06	1.164782e-05	0.000000e+00	0.000000e+00	2.260205e-09	0.000000e+00	0.000000e+00	0.000000e+00	0.000000e+00	0.000000e+00	0.000000e+00	-5.896020e-10	0.000000e+00	0.000000e+00	0.000000e+00	0.000000e+00	0.000000e+00	0.000000e+00	0.000000e+00	
1.899214e-06	6.107666e-06	-3.173693e-10	6.495349e-11	0.000000e+00	8.224855e-06	0.000000e+00	0.000000e+00	2.667051e-06	0.000000e+00	0.000000e+00	0.000000e+00	0.000000e+00	0.000000e+00	0.000000e+00	2.104916e-07	1.554283e-05	0.000000e+00	0.000000e+00	0.000000e+00	0.000000e+00	
8.905201e-06	1.210741e-10	0.000000e+00	0.000000e+00	0.000000e+00	2.026360e-09	3.939443e-06	1.474207e-05	-2.285901e-09	0.000000e+00	1.062626e-05	0.000000e+00	0.000000e+00	0.000000e+00	0.000000e+00	2.158036e-09	5.293653e-10	0.000000e+00	0.000000e+00	1.310345e-05	0.000000e+00	
1.791969e-10	0.000000e+00	0.000000e+00	0.000000e+00	1.348324e-05	0.000000e+00	1.220120e-09	-2.791568e-09	0.000000e+00	0.000000e+00	7.600328e-06	0.000000e+00	0.000000e+00	0.000000e+00	0.000000e+00	0.000000e+00	0.000000e+00	0.000000e+00	0.000000e+00	1.078748e-09	0.000000e+00	
0.000000e+00	1.092545e-05	2.051938e-06	1.083362e-05	-3.247897e-09	5.788214e-06	0.000000e+00	0.000000e+00	0.000000e+00	0.000000e+00	1.469124e-09	0.000000e+00	3.143127e-06	0.000000e+00	1.533877e-05	0.000000e+00	0.000000e+00	0.000000e+00	0.000000e+00	0.000000e+00	0.000000e+00	
0.000000e+00	1.743767e-11	1.142105e-05	2.092714e-10	0.000000e+00	-1.577077e-10	0.000000e+00	4.324366e-08	0.000000e+00	1.819367e-05	0.000000e+00	0.000000e+00	9.996001e-11	0.000000e+00	-1.412921e-09	0.000000e+00	0.000000e+00	1.417944e-05	0.000000e+00	0.000000e+00	0.000000e+00	
1.238466e-05	0.000000e+00	-3.060926e-10	0.000000e+00	0.000000e+00	7.747200e-06	1.368710e-05	3.273445e-09	0.000000e+00	1.164721e-09	0.000000e+00	0.000000e+00	1.468084e-05	0.000000e+00	0.000000e+00	0.000000e+00	0.000000e+00	1.627484e-09	0.000000e+00	0.000000e+00	2.027227e-05	
1.911868e-10	0.000000e+00	5.122865e-06	8.667880e-06	0.000000e+00	1.220120e-09	2.219670e-09	0.000000e+00	1.671988e-05	0.000000e+00	0.000000e+00	0.000000e+00	-1.369964e-09	0.000000e+00	0.000000e+00	1.500526e-05	0.000000e+00	0.000000e+00	0.000000e+00	0.000000e+00	2.537990e-09	
0.000000e+00	1.637242e-05	-3.180797e-12	2.494482e-10	1.141165e-05	0.000000e+00	0.000000e+00	0.000000e+00	-3.037372e-10	0.000000e+00	0.000000e+00	0.000000e+00	0.000000e+00	0.000000e+00	0.000000e+00	-1.670401e-10	0.000000e+00	0.000000e+00	0.000000e+00	0.000000e+00	0.000000e+00	
0.000000e+00	1.057761e-07	0.000000e+00	0.000000e+00	-1.670910e-09	0.000000e+00	0.000000e+00	1.470520e-05	0.000000e+00	0.000000e+00	0.000000e+00	0.000000e+00	0.000000e+00	0.000000e+00	0.000000e+00	0.000000e+00	0.000000e+00	0.000000e+00	1.286632e-05	0.000000e+00	0.000000e+00	
1.347043e-05	2.205436e-10	1.371100e-05	6.419005e-06	0.000000e+00	7.739199e-06	0.000000e+00	8.495634e-10	0.000000e+00	0.000000e+00	0.000000e+00	0.000000e+00	0.000000e+00	0.000000e+00	0.000000e+00	0.000000e+00	1.419709e-05	0.000000e+00	-1.020504e-09	0.000000e+00	0.000000e+00	
2.552724e-10	0.000000e+00	2.457938e-10	-1.638413e-09	9.375299e-06	2.575692e-09	1.941762e-07	0.000000e+00	0.000000e+00	0.000000e+00	0.000000e+00	0.000000e+00	0.000000e+00	0.000000e+00	0.000000e+00	0.000000e+00	-2.724629e-09	0.000000e+00	2.658752e-07	0.000000e+00	0.000000e+00	
0.000000e+00	0.000000e+00	0.000000e+00	8.864329e-06	1.220120e-09	0.000000e+00	-1.462537e-09	0.000000e+00	0.000000e+00	0.000000e+00	0.000000e+00	0.000000e+00	0.000000e+00	5.259333e-06	0.000000e+00	0.000000e+00	0.000000e+00	0.000000e+00	1.088646e-05	2.256140e-05	0.000000e+00	
3.366258e-06	1.748197e-05	3.994758e-06	5.020382e-10	0.000000e+00	7.566255e-06	1.383129e-05	0.000000e+00	0.000000e+00	0.000000e+00	0.000000e+00	0.000000e+00	0.000000e+00	-2.900529e-09	0.000000e+00	0.000000e+00	0.000000e+00	1.267724e-05	-1.523449e-09	-6.003829e-10	0.000000e+00	
1.003545e-05	-1.760752e-10	-2.679686e-10	0.000000e+00	0.000000e+00	5.361847e-06	-2.422239e-09	0.000000e+00	0.000000e+00	0.000000e+00	0.000000e+00	0.000000e+00	0.000000e+00	0.000000e+00	0.000000e+00	0.000000e+00	0.000000e+00	1.997274e-09	0.000000e+00	0.000000e+00	0.000000e+00	
-1.340030e-10	0.000000e+00	0.000000e+00	8.797122e-06	5.115135e-06	-2.992464e-09	0.000000e+00	0.000000e+00	0.000000e+00	0.000000e+00	0.000000e+00	2.067563e-05	0.000000e+00	9.575338e-06	0.000000e+00	0.000000e+00	0.000000e+00	0.000000e+00	0.000000e+00	0.000000e+00	0.000000e+00	
4.533932e-06	0.000000e+00	1.618964e-05	1.255997e-09	1.745821e-09	0.000000e+00	0.000000e+00	0.000000e+00	0.000000e+00	0.000000e+00	0.000000e+00	-2.098171e-09	0.000000e+00	-1.454279e-05	0.000000e+00	0.000000e+00	0.000000e+00	0.000000e+00	0.000000e+00	-9.990921e-06	0.000000e+00	
2.322181e-11	4.175478e-06	2.967335e-09	0.000000e+00	8.675745e-06	0.000000e+00	0.000000e+00	0.000000e+00	0.000000e+00	0.000000e+00	0.000000e+00	-2.052750e-05	0.000000e+00	-3.228291e-09	0.000000e+00	0.000000e+00	0.000000e+00	0.000000e+00	-1.044078e-05	-1.126759e-05	0.000000e+00	
1.255676e-05	-2.355112e-10	0.000000e+00	5.879871e-06	3.016975e-09	0.000000e+00	0.000000e+00	0.000000e+00	0.000000e+00	0.000000e+00	0.000000e+00	1.638931e-10	0.000000e+00	0.000000e+00	0.000000e+00	0.000000e+00	-1.299385e-05	-1.190084e-05	1.012116e-09	1.988349e-10	0.000000e+00	
3.308834e-10	1.486194e-05	1.411165e-06	1.220120e-09	0.000000e+00	0.000000e+00	0.000000e+00	1.666821e-05	0.000000e+00	0.000000e+00	0.000000e+00	0.000000e+00	0.000000e+00	0.000000e+00	0.000000e+00	0.000000e+00	2.284418e-09	-8.919208e-10	-1.141089e-05	0.000000e+00	0.000000e+00	
0.000000e+00	2.765661e-10	-2.361072e-09	0.000000e+00	8.129501e-06	1.509490e-05	8.581184e-06	-1.801648e-09	0.000000e+00	0.000000e+00	0.000000e+00	0.000000e+00	0.000000e+00	0.000000e+00	0.000000e+00	-1.308541e-05	0.000000e+00	0.000000e+00	9.079092e-10	0.000000e+00	0.000000e+00	
2.914267e-06	0.000000e+00	0.000000e+00	1.512788e-05	-2.298946e-09	3.223384e-09	-2.101419e-09	0.000000e+00	0.000000e+00	0.000000e+00	0.000000e+00	0.000000e+00	0.000000e+00	0.000000e+00	-1.300290e-05	8.173283e-10	0.000000e+00	-1.190621e-05	0.000000e+00	-9.467778e-06	-1.723666e-05	
1.094740e-05	0.000000e+00	1.756895e-05	-3.176104e-09	0.000000e+00	0.000000e+00	0.000000e+00	0.000000e+00	0.000000e+00	0.000000e+00	0.000000e+00	0.000000e+00	-1.684179e-05	0.000000e+00	-1.949270e-09	0.000000e+00	-1.219406e-05	-2.168242e-09	0.000000e+00	-1.774532e-09	-9.573508e-06	
-2.302400e-10	5.952051e-06	1.220120e-09	0.000000e+00	0.000000e+00	0.000000e+00	0.000000e+00	0.000000e+00	0.000000e+00	0.000000e+00	0.000000e+00	0.000000e+00	2.601824e-09	-1.278790e-05	0.000000e+00	0.000000e+00	-6.954038e-11	0.000000e+00	-1.091061e-05	-9.123639e-06	3.024486e-09	
0.000000e+00	1.349899e-05	0.000000e+00	1.584022e-07	0.000000e+00	0.000000e+00	0.000000e+00	-1.712349e-05	0.000000e+00	0.000000e+00	0.000000e+00	0.000000e+00	0.000000e+00	2.340166e-09	0.000000e+00	-1.178106e-05	0.000000e+00	-1.144873e-05	-9.706451e-10	-1.015098e-05	-8.264877e-06	
1.398956e-05	-1.572052e-09	0.000000e+00	1.084981e-09	0.000000e+00	0.000000e+00	-8.575924e-06	-1.448173e-09	0.000000e+00	-1.835338e-05	0.000000e+00	-1.695063e-05	0.000000e+00	-7.051196e-06	0.000000e+00	-1.156319e-05	-1.122707e-05	-1.125320e-09	-1.100881e-05	3.252589e-09	-9.619704e-06	
1.245607e-10	0.000000e+00	2.677324e-06	0.000000e+00	0.000000e+00	0.000000e+00	-3.158324e-09	0.000000e+00	-5.934989e-06	-9.364710e-10	-1.792265e-05	-1.531297e-09	-1.554088e-05	-7.187531e-06	-2.115747e-05	-6.826496e-10	3.161750e-09	0.000000e+00	-2.449496e-09	0.000000e+00	2.077593e-09	
