Example_L1_M5.mph
122	21
%e\t%e\t%e\t%e\t%e\t%e\t%e\t%e\t%e\t%e\t%e\t%e\t%e\t%e\t%e\t%e\t%e\t%e\t%e\t%e\t%e\t\n
4.696358e-20	0.000000e+00	0.000000e+00	0.000000e+00	0.000000e+00	0.000000e+00	0.000000e+00	0.000000e+00	0.000000e+00	0.000000e+00	0.000000e+00	0.000000e+00	0.000000e+00	0.000000e+00	0.000000e+00	0.000000e+00	0.000000e+00	0.000000e+00	0.000000e+00	0.000000e+00	0.000000e+00	
4.696400e-20	0.000000e+00	0.000000e+00	0.000000e+00	0.000000e+00	0.000000e+00	0.000000e+00	0.000000e+00	0.000000e+00	0.000000e+00	0.000000e+00	0.000000e+00	0.000000e+00	0.000000e+00	0.000000e+00	0.000000e+00	0.000000e+00	0.000000e+00	0.000000e+00	0.000000e+00	0.000000e+00	
4.696400e-20	0.000000e+00	0.000000e+00	0.000000e+00	0.000000e+00	0.000000e+00	0.000000e+00	0.000000e+00	0.000000e+00	0.000000e+00	0.000000e+00	0.000000e+00	0.000000e+00	0.000000e+00	0.000000e+00	0.000000e+00	0.000000e+00	0.000000e+00	0.000000e+00	0.000000e+00	0.000000e+00	
4.696400e-20	0.000000e+00	0.000000e+00	0.000000e+00	0.000000e+00	0.000000e+00	0.000000e+00	0.000000e+00	0.000000e+00	0.000000e+00	0.000000e+00	0.000000e+00	0.000000e+00	0.000000e+00	0.000000e+00	0.000000e+00	0.000000e+00	0.000000e+00	0.000000e+00	0.000000e+00	0.000000e+00	
4.696400e-20	0.000000e+00	0.000000e+00	0.000000e+00	0.000000e+00	0.000000e+00	0.000000e+00	0.000000e+00	0.000000e+00	0.000000e+00	0.000000e+00	0.000000e+00	0.000000e+00	0.000000e+00	0.000000e+00	0.000000e+00	0.000000e+00	0.000000e+00	0.000000e+00	0.000000e+00	0.000000e+00	
4.696400e-20	0.000000e+00	0.000000e+00	0.000000e+00	0.000000e+00	0.000000e+00	0.000000e+00	0.000000e+00	0.000000e+00	0.000000e+00	0.000000e+00	0.000000e+00	0.000000e+00	0.000000e+00	0.000000e+00	0.000000e+00	0.000000e+00	0.000000e+00	0.000000e+00	0.000000e+00	0.000000e+00	
4.696400e-20	0.000000e+00	0.000000e+00	0.000000e+00	0.000000e+00	0.000000e+00	0.000000e+00	0.000000e+00	0.000000e+00	0.000000e+00	0.000000e+00	0.000000e+00	0.000000e+00	0.000000e+00	0.000000e+00	0.000000e+00	0.000000e+00	0.000000e+00	0.000000e+00	0.000000e+00	0.000000e+00	
4.696400e-20	0.000000e+00	0.000000e+00	0.000000e+00	0.000000e+00	0.000000e+00	0.000000e+00	0.000000e+00	0.000000e+00	0.000000e+00	0.000000e+00	0.000000e+00	0.000000e+00	0.000000e+00	0.000000e+00	0.000000e+00	0.000000e+00	0.000000e+00	0.000000e+00	0.000000e+00	0.000000e+00	
4.696400e-20	0.000000e+00	0.000000e+00	0.000000e+00	0.000000e+00	0.000000e+00	0.000000e+00	0.000000e+00	0.000000e+00	0.000000e+00	0.000000e+00	0.000000e+00	0.000000e+00	0.000000e+00	0.000000e+00	2.215337e-04	2.372780e-04	2.484332e-04	2.133611e-04	2.096523e-04	2.751093e-04	
4.696400e-20	0.000000e+00	0.000000e+00	0.000000e+00	0.000000e+00	0.000000e+00	0.000000e+00	0.000000e+00	0.000000e+00	0.000000e+00	0.000000e+00	2.287832e-04	2.241623e-04	2.198374e-04	2.189372e-04	2.215300e-04	2.372800e-04	2.484300e-04	2.133600e-04	2.096500e-04	2.751100e-04	
4.696400e-20	0.000000e+00	0.000000e+00	0.000000e+00	0.000000e+00	0.000000e+00	0.000000e+00	0.000000e+00	0.000000e+00	2.321021e-04	2.304801e-04	2.287800e-04	2.241600e-04	2.198400e-04	2.189400e-04	2.215300e-04	2.372800e-04	2.609095e-04	3.643661e-04	3.724342e-04	2.757617e-04	
4.696400e-20	0.000000e+00	0.000000e+00	0.000000e+00	0.000000e+00	0.000000e+00	0.000000e+00	2.267085e-04	2.294385e-04	2.321000e-04	2.304800e-04	2.345842e-04	4.505845e-04	4.441889e-04	4.376740e-04	4.306467e-04	4.818529e-04	5.306854e-04	4.573511e-04	4.628878e-04	5.467616e-04	
4.696400e-20	0.000000e+00	0.000000e+00	0.000000e+00	2.074433e-04	2.187268e-04	2.227508e-04	2.267100e-04	2.294400e-04	4.687139e-04	4.707741e-04	4.605693e-04	4.505800e-04	4.441900e-04	4.376700e-04	4.306500e-04	6.008593e-04	5.306900e-04	4.573500e-04	4.628900e-04	5.467600e-04	
4.696400e-20	0.000000e+00	0.000000e+00	1.873720e-04	2.074400e-04	2.273332e-04	4.579587e-04	4.621968e-04	4.663725e-04	4.687100e-04	4.707700e-04	4.605700e-04	4.614074e-04	6.342742e-04	6.620957e-04	6.695571e-04	6.008600e-04	5.718699e-04	6.621829e-04	6.246851e-04	5.562650e-04	
4.696400e-20	3.561186e-04	4.161457e-04	4.243519e-04	4.327996e-04	4.456106e-04	4.579600e-04	4.622000e-04	7.069296e-04	7.120264e-04	7.185112e-04	7.250005e-04	6.824147e-04	6.342700e-04	6.621000e-04	7.018511e-04	7.865249e-04	7.866361e-04	7.044247e-04	7.524721e-04	8.118112e-04	
5.417749e-04	4.685859e-04	6.713504e-04	6.231921e-04	6.658969e-04	7.012010e-04	7.013550e-04	7.019224e-04	7.069300e-04	7.120300e-04	7.185100e-04	7.250000e-04	7.900768e-04	8.659065e-04	7.654604e-04	7.018500e-04	7.865200e-04	7.866400e-04	7.044200e-04	7.524700e-04	8.118100e-04	
8.051586e-04	7.329058e-04	7.534037e-04	8.377540e-04	7.633429e-04	7.388660e-04	9.375026e-04	9.407768e-04	9.452372e-04	9.542517e-04	9.647243e-04	9.784898e-04	9.403979e-04	8.677367e-04	9.411322e-04	9.563751e-04	8.706520e-04	8.727238e-04	9.607689e-04	8.909830e-04	8.442604e-04	
8.521332e-04	9.406758e-04	9.135118e-04	8.446595e-04	9.329859e-04	9.473037e-04	9.375000e-04	9.407800e-04	9.452400e-04	9.542500e-04	9.647200e-04	9.784900e-04	1.070059e-03	1.130847e-03	1.043460e-03	1.016206e-03	1.090354e-03	1.056741e-03	9.722413e-04	1.050279e-03	1.067965e-03	
1.065576e-03	9.904874e-04	1.025397e-03	1.103896e-03	1.153864e-03	1.188222e-03	1.151641e-03	1.139007e-03	1.179840e-03	1.197350e-03	1.201822e-03	1.192499e-03	1.174043e-03	1.181269e-03	1.234119e-03	1.226012e-03	1.141201e-03	1.056700e-03	9.722400e-04	1.050300e-03	1.068000e-03	
1.140978e-03	1.223025e-03	1.171051e-03	1.103900e-03	1.153900e-03	1.188200e-03	1.151600e-03	1.325746e-03	1.229312e-03	1.197400e-03	1.201800e-03	1.192500e-03	1.174000e-03	1.181300e-03	1.234100e-03	1.226000e-03	1.141200e-03	1.173716e-03	1.227985e-03	1.146979e-03	1.141586e-03	
1.325306e-03	1.249193e-03	1.299755e-03	1.352203e-03	1.265743e-03	1.213982e-03	1.322736e-03	1.400467e-03	1.446870e-03	1.485721e-03	1.458524e-03	1.431219e-03	1.412424e-03	1.396774e-03	1.312119e-03	1.301625e-03	1.388078e-03	1.312457e-03	1.228000e-03	1.147000e-03	1.141600e-03	
1.431373e-03	1.507409e-03	1.430166e-03	1.375058e-03	1.454491e-03	1.477723e-03	1.409278e-03	1.400500e-03	1.446900e-03	1.485700e-03	1.458500e-03	1.431200e-03	1.412400e-03	1.396800e-03	1.533136e-03	1.482328e-03	1.396729e-03	1.312500e-03	1.264652e-03	1.360902e-03	1.312679e-03	
1.584150e-03	1.511463e-03	1.591863e-03	1.613935e-03	1.545653e-03	1.543572e-03	1.649994e-03	1.649246e-03	1.564455e-03	1.485700e-03	1.458500e-03	1.431200e-03	1.616589e-03	1.571803e-03	1.557223e-03	1.482300e-03	1.396700e-03	1.478726e-03	1.470811e-03	1.390262e-03	1.455237e-03	
1.584200e-03	1.511500e-03	1.591900e-03	1.672675e-03	1.756768e-03	1.744977e-03	1.712061e-03	1.725116e-03	1.773625e-03	1.778322e-03	1.750563e-03	1.706121e-03	1.616600e-03	1.571800e-03	1.557200e-03	1.609861e-03	1.636969e-03	1.554138e-03	1.470800e-03	1.390300e-03	1.455200e-03	
1.723903e-03	1.767963e-03	1.687917e-03	1.672700e-03	1.756800e-03	1.745000e-03	1.712100e-03	1.725100e-03	1.773600e-03	1.778300e-03	1.750600e-03	1.739303e-03	1.773983e-03	1.798398e-03	1.794449e-03	1.726782e-03	1.637000e-03	1.554100e-03	1.581821e-03	1.623644e-03	1.547535e-03	
1.846078e-03	1.806083e-03	1.898655e-03	1.866622e-03	1.785947e-03	1.745000e-03	1.712100e-03	1.725100e-03	1.773600e-03	1.778300e-03	1.750600e-03	1.739300e-03	1.774000e-03	1.798400e-03	1.794400e-03	1.726800e-03	1.685416e-03	1.781621e-03	1.702006e-03	1.623600e-03	1.547500e-03	
1.846100e-03	1.806100e-03	1.898700e-03	1.866600e-03	1.785900e-03	1.969860e-03	1.962021e-03	2.007581e-03	2.008114e-03	2.006856e-03	2.009382e-03	2.013192e-03	1.906585e-03	1.798400e-03	1.794400e-03	1.878414e-03	1.856662e-03	1.781600e-03	1.702000e-03	1.691979e-03	1.768029e-03	
2.013048e-03	2.027936e-03	1.945957e-03	1.992371e-03	2.059925e-03	1.969900e-03	2.081904e-03	2.011995e-03	2.008100e-03	2.006900e-03	2.009400e-03	2.013200e-03	2.024075e-03	2.037803e-03	1.997961e-03	1.929633e-03	1.856700e-03	1.793445e-03	1.926745e-03	1.845570e-03	1.768000e-03	
2.013000e-03	2.027900e-03	2.188189e-03	2.126725e-03	2.079975e-03	2.108815e-03	2.081900e-03	2.012000e-03	2.008100e-03	2.006900e-03	2.009400e-03	2.013200e-03	2.024100e-03	2.037800e-03	1.998000e-03	1.929600e-03	2.003142e-03	2.000160e-03	1.928441e-03	1.845600e-03	1.768000e-03	
2.111045e-03	2.100723e-03	2.188200e-03	2.126700e-03	2.080000e-03	2.108800e-03	2.222407e-03	2.260864e-03	2.236997e-03	2.246008e-03	2.240693e-03	2.062469e-03	2.024100e-03	2.037800e-03	2.080264e-03	2.119975e-03	2.066072e-03	2.000200e-03	1.928400e-03	1.845600e-03	1.805547e-03	
2.111000e-03	2.100700e-03	2.188200e-03	2.126700e-03	2.313327e-03	2.300225e-03	2.283180e-03	2.260900e-03	2.237000e-03	2.246000e-03	2.255276e-03	2.267124e-03	2.247245e-03	2.093822e-03	2.080300e-03	2.120000e-03	2.066100e-03	2.000200e-03	1.928400e-03	2.053279e-03	1.980267e-03	
2.289721e-03	2.279546e-03	2.208887e-03	2.307657e-03	2.313300e-03	2.300200e-03	2.283200e-03	2.260900e-03	2.237000e-03	2.246000e-03	2.255300e-03	2.267100e-03	2.281330e-03	2.305416e-03	2.251744e-03	2.120000e-03	2.066100e-03	2.158930e-03	2.137226e-03	2.053300e-03	1.980300e-03	
2.289700e-03	2.279500e-03	2.208900e-03	2.340502e-03	2.313300e-03	2.300200e-03	2.283200e-03	2.498400e-03	2.491764e-03	2.419034e-03	2.255300e-03	2.267100e-03	2.281300e-03	2.305400e-03	2.320899e-03	2.325840e-03	2.288573e-03	2.220453e-03	2.137200e-03	2.053300e-03	1.980300e-03	
2.289700e-03	2.391822e-03	2.505802e-03	2.519309e-03	2.525178e-03	2.520663e-03	2.510231e-03	2.498400e-03	2.491800e-03	2.491204e-03	2.500669e-03	2.408605e-03	2.281300e-03	2.305400e-03	2.320900e-03	2.325800e-03	2.288600e-03	2.220500e-03	2.137200e-03	2.053300e-03	1.980300e-03	
2.377741e-03	2.391800e-03	2.505800e-03	2.519300e-03	2.525200e-03	2.520700e-03	2.510200e-03	2.498400e-03	2.491800e-03	2.491200e-03	2.500700e-03	2.511935e-03	2.524546e-03	2.397361e-03	2.320900e-03	2.325800e-03	2.288600e-03	2.220500e-03	2.137200e-03	2.076113e-03	2.172183e-03	
2.536088e-03	2.538557e-03	2.505800e-03	2.519300e-03	2.525200e-03	2.520700e-03	2.510200e-03	2.498400e-03	2.491800e-03	2.491200e-03	2.500700e-03	2.511900e-03	2.524500e-03	2.539996e-03	2.512122e-03	2.382528e-03	2.288600e-03	2.220500e-03	2.327703e-03	2.242562e-03	2.172200e-03	
2.536100e-03	2.538600e-03	2.505800e-03	2.519300e-03	2.752963e-03	2.752963e-03	2.752963e-03	2.752963e-03	2.752963e-03	2.752963e-03	2.584597e-03	2.511900e-03	2.524500e-03	2.540000e-03	2.512100e-03	2.382500e-03	2.420850e-03	2.418160e-03	2.327700e-03	2.242600e-03	2.172200e-03	
2.536100e-03	2.538600e-03	2.752963e-03	2.752963e-03	2.753000e-03	2.753000e-03	2.753000e-03	2.753000e-03	2.753000e-03	2.753000e-03	2.752963e-03	2.713142e-03	2.547472e-03	2.540000e-03	2.556075e-03	2.571265e-03	2.502009e-03	2.418200e-03	2.327700e-03	2.242600e-03	2.172200e-03	
2.536100e-03	2.752963e-03	2.753000e-03	2.753000e-03	2.753000e-03	2.753000e-03	2.753000e-03	2.753000e-03	2.753000e-03	2.753000e-03	2.753000e-03	2.752963e-03	2.752963e-03	2.654610e-03	2.556100e-03	2.571300e-03	2.502000e-03	2.418200e-03	2.327700e-03	2.242600e-03	2.172200e-03	
2.752963e-03	2.753000e-03	2.753000e-03	2.753000e-03	2.753000e-03	2.922889e-03	2.753000e-03	2.839035e-03	2.753000e-03	2.775035e-03	2.753000e-03	2.753000e-03	2.753000e-03	2.654600e-03	2.556100e-03	2.571300e-03	2.502000e-03	2.418200e-03	2.327700e-03	2.242600e-03	2.172200e-03	
2.753000e-03	2.753000e-03	2.753000e-03	2.973600e-03	2.978300e-03	2.981717e-03	2.984329e-03	2.988449e-03	2.987084e-03	2.962148e-03	2.856764e-03	2.753000e-03	2.753000e-03	2.752963e-03	2.734634e-03	2.571300e-03	2.502000e-03	2.418200e-03	2.327700e-03	2.242600e-03	2.172200e-03	
2.753000e-03	2.753000e-03	2.966221e-03	2.973600e-03	2.978300e-03	2.981700e-03	2.984300e-03	2.988400e-03	2.987100e-03	2.962100e-03	2.950348e-03	2.933509e-03	2.799741e-03	2.753000e-03	2.734600e-03	2.571300e-03	2.502000e-03	2.539134e-03	2.327700e-03	2.242600e-03	2.172200e-03	
2.753000e-03	2.944891e-03	2.966200e-03	2.973600e-03	2.978300e-03	2.981700e-03	2.984300e-03	2.988400e-03	2.987100e-03	2.962100e-03	2.950300e-03	2.933500e-03	2.799700e-03	2.753000e-03	2.752963e-03	2.752963e-03	2.667942e-03	2.560851e-03	2.515856e-03	2.311396e-03	2.172200e-03	
2.832924e-03	2.944900e-03	2.966200e-03	2.973600e-03	3.150464e-03	3.215637e-03	3.042616e-03	3.150943e-03	2.987100e-03	2.962100e-03	2.950300e-03	2.948348e-03	2.995875e-03	2.884092e-03	2.753000e-03	2.753000e-03	2.667900e-03	2.560900e-03	2.515900e-03	2.311400e-03	2.172200e-03	
2.832900e-03	2.944900e-03	3.189221e-03	3.199082e-03	3.210566e-03	3.215600e-03	3.221545e-03	3.150900e-03	3.245053e-03	3.191573e-03	3.089007e-03	2.948300e-03	2.995900e-03	2.884100e-03	2.753000e-03	2.753000e-03	2.667900e-03	2.560900e-03	2.515900e-03	2.311400e-03	2.172200e-03	
3.007197e-03	3.178249e-03	3.189200e-03	3.199100e-03	3.210600e-03	3.215600e-03	3.221500e-03	3.230656e-03	3.245100e-03	3.191600e-03	3.089000e-03	3.121459e-03	3.026988e-03	2.972594e-03	2.902662e-03	2.785638e-03	2.667900e-03	2.560900e-03	2.515900e-03	2.311400e-03	2.172200e-03	
3.059432e-03	3.178200e-03	3.189200e-03	3.199100e-03	3.210600e-03	3.215600e-03	3.221500e-03	3.230700e-03	3.245100e-03	3.191600e-03	3.145070e-03	3.121500e-03	3.027000e-03	2.972600e-03	2.902700e-03	2.785600e-03	2.667900e-03	2.560900e-03	2.515900e-03	2.311400e-03	2.172200e-03	
3.059400e-03	3.178200e-03	3.189200e-03	3.416346e-03	3.449884e-03	3.259106e-03	3.353398e-03	3.230700e-03	3.284152e-03	3.191600e-03	3.145100e-03	3.121500e-03	3.027000e-03	2.972600e-03	2.902700e-03	2.785600e-03	2.667900e-03	2.560900e-03	2.515900e-03	2.311400e-03	2.140112e-03	
3.059400e-03	3.188451e-03	3.401181e-03	3.444830e-03	3.449900e-03	3.449834e-03	3.453576e-03	3.428705e-03	3.284200e-03	3.348257e-03	3.262868e-03	3.121500e-03	3.027000e-03	2.972600e-03	2.902700e-03	2.785600e-03	2.752963e-03	2.560900e-03	2.515900e-03	2.311400e-03	2.140100e-03	
3.327052e-03	3.188500e-03	3.401200e-03	3.444800e-03	3.449900e-03	3.449800e-03	3.453600e-03	3.428700e-03	3.284200e-03	3.348300e-03	3.262900e-03	3.299447e-03	3.056419e-03	2.972600e-03	2.902700e-03	2.785600e-03	2.753000e-03	2.663819e-03	2.515900e-03	2.311400e-03	2.140100e-03	
3.327100e-03	3.485840e-03	3.401200e-03	3.444800e-03	3.449900e-03	3.449800e-03	3.453600e-03	3.428700e-03	3.487862e-03	3.411911e-03	3.353934e-03	3.303803e-03	3.224505e-03	3.085716e-03	3.040269e-03	2.814869e-03	2.753000e-03	2.663800e-03	2.529155e-03	2.311400e-03	2.140100e-03	
3.327100e-03	3.485800e-03	3.639028e-03	3.444800e-03	3.702681e-03	3.574181e-03	3.631447e-03	3.469808e-03	3.487900e-03	3.411900e-03	3.353900e-03	3.303800e-03	3.224500e-03	3.137499e-03	3.040300e-03	2.814900e-03	2.753000e-03	2.663800e-03	2.529200e-03	2.311400e-03	2.140100e-03	
3.328615e-03	3.500177e-03	3.639000e-03	3.738440e-03	3.702700e-03	3.659568e-03	3.631400e-03	3.644230e-03	3.487900e-03	3.411900e-03	3.353900e-03	3.303800e-03	3.224500e-03	3.137500e-03	3.040300e-03	2.814900e-03	2.753000e-03	2.663800e-03	2.529200e-03	2.311400e-03	2.140100e-03	
3.610680e-03	3.500200e-03	3.663570e-03	3.738400e-03	3.702700e-03	3.659600e-03	3.692736e-03	3.644200e-03	3.487900e-03	3.411900e-03	3.353900e-03	3.303800e-03	3.224500e-03	3.137500e-03	3.040300e-03	2.948659e-03	2.809528e-03	2.663800e-03	2.529200e-03	2.311400e-03	2.140100e-03	
3.610700e-03	3.789168e-03	3.663600e-03	3.809020e-03	3.702700e-03	3.838607e-03	3.692700e-03	3.644200e-03	3.704333e-03	3.456803e-03	3.353900e-03	3.303800e-03	3.224500e-03	3.137500e-03	3.040300e-03	2.948700e-03	2.809500e-03	2.663800e-03	2.529200e-03	2.311400e-03	2.140100e-03	
3.610700e-03	3.789200e-03	3.961711e-03	3.809000e-03	3.879291e-03	3.838600e-03	3.692700e-03	3.685043e-03	3.704300e-03	3.655916e-03	3.519651e-03	3.303800e-03	3.224500e-03	3.137500e-03	3.040300e-03	2.948700e-03	2.809500e-03	2.663800e-03	2.529200e-03	2.311400e-03	2.140100e-03	
3.663092e-03	3.789200e-03	3.961700e-03	3.809000e-03	3.879300e-03	3.838600e-03	3.692700e-03	3.842932e-03	3.731997e-03	3.655900e-03	3.519700e-03	3.491420e-03	3.302365e-03	3.137500e-03	3.040300e-03	2.948700e-03	2.809500e-03	2.663800e-03	2.529200e-03	2.311400e-03	2.140100e-03	
3.663100e-03	3.827697e-03	3.961700e-03	3.809000e-03	4.004827e-03	3.959672e-03	3.962305e-03	3.842900e-03	3.732000e-03	3.655900e-03	3.575094e-03	3.491400e-03	3.302400e-03	3.137500e-03	3.047771e-03	2.948700e-03	2.809500e-03	2.663800e-03	2.529200e-03	2.311400e-03	2.140100e-03	
3.917956e-03	3.827700e-03	3.961700e-03	4.119647e-03	4.004800e-03	3.959700e-03	3.962300e-03	3.842900e-03	3.732000e-03	3.655900e-03	3.575100e-03	3.491400e-03	3.395070e-03	3.255259e-03	3.047800e-03	2.948700e-03	2.809500e-03	2.663800e-03	2.529200e-03	2.311400e-03	2.140100e-03	
3.918000e-03	4.116799e-03	3.970716e-03	4.119600e-03	4.004800e-03	3.959700e-03	3.962300e-03	3.842900e-03	3.732000e-03	3.655900e-03	3.575100e-03	3.491400e-03	3.395100e-03	3.255300e-03	3.047800e-03	2.948700e-03	2.809500e-03	2.663800e-03	2.529200e-03	2.311400e-03	2.140100e-03	
3.918000e-03	4.116800e-03	3.970700e-03	4.119600e-03	4.004800e-03	3.959700e-03	3.970539e-03	3.842900e-03	3.732000e-03	3.655900e-03	3.575100e-03	3.491400e-03	3.395100e-03	3.255300e-03	3.047800e-03	2.948700e-03	2.809500e-03	2.663800e-03	2.529200e-03	2.311400e-03	2.140100e-03	
4.004960e-03	4.146596e-03	4.263869e-03	4.119600e-03	4.142458e-03	4.157591e-03	3.970500e-03	3.842900e-03	3.732000e-03	3.775099e-03	3.575100e-03	3.491400e-03	3.395100e-03	3.255300e-03	3.047800e-03	2.948700e-03	2.809500e-03	2.663800e-03	2.529200e-03	2.311400e-03	2.140100e-03	
4.005000e-03	4.146600e-03	4.263900e-03	4.141133e-03	4.271576e-03	4.157600e-03	3.970500e-03	4.050225e-03	3.986846e-03	3.775100e-03	3.575100e-03	3.527813e-03	3.395100e-03	3.255300e-03	3.047800e-03	2.963056e-03	2.809500e-03	2.663800e-03	2.529200e-03	2.311400e-03	2.140100e-03	
4.243975e-03	4.146600e-03	4.263900e-03	4.409221e-03	4.271600e-03	4.157600e-03	3.970500e-03	4.100706e-03	3.986800e-03	3.881553e-03	3.756444e-03	3.527800e-03	3.395100e-03	3.255300e-03	3.181841e-03	2.963100e-03	2.809500e-03	2.663800e-03	2.529200e-03	2.311400e-03	2.140100e-03	
4.244000e-03	4.443818e-03	4.263900e-03	4.409200e-03	4.271600e-03	4.157600e-03	4.224633e-03	4.100700e-03	3.986800e-03	3.881600e-03	3.756400e-03	3.527800e-03	3.395100e-03	3.291790e-03	3.181800e-03	2.963100e-03	2.809500e-03	2.663800e-03	2.529200e-03	2.311400e-03	2.140100e-03	
4.340724e-03	4.443800e-03	4.380602e-03	4.409200e-03	4.271600e-03	4.256093e-03	4.224600e-03	4.100700e-03	3.986800e-03	3.881600e-03	3.756400e-03	3.527800e-03	3.473480e-03	3.291800e-03	3.181800e-03	2.963100e-03	2.809500e-03	2.663800e-03	2.529200e-03	2.311400e-03	2.140100e-03	
4.340700e-03	4.443800e-03	4.556067e-03	4.409200e-03	4.271600e-03	4.366901e-03	4.224600e-03	4.100700e-03	3.986800e-03	3.881600e-03	3.756400e-03	3.668858e-03	3.473500e-03	3.291800e-03	3.181800e-03	2.963100e-03	2.809500e-03	2.663800e-03	2.529200e-03	2.311400e-03	2.140100e-03	
4.573263e-03	4.485786e-03	4.556100e-03	4.409200e-03	4.518202e-03	4.366900e-03	4.224600e-03	4.100700e-03	3.986800e-03	3.881600e-03	3.774548e-03	3.668900e-03	3.473500e-03	3.291800e-03	3.181800e-03	2.963100e-03	2.809500e-03	2.663800e-03	2.529200e-03	2.311400e-03	2.140100e-03	
4.573300e-03	4.713101e-03	4.556100e-03	4.564507e-03	4.518200e-03	4.366900e-03	4.224600e-03	4.100700e-03	3.986800e-03	3.881600e-03	3.774500e-03	3.668900e-03	3.473500e-03	3.291800e-03	3.181800e-03	2.963100e-03	2.809500e-03	2.663800e-03	2.529200e-03	2.311400e-03	2.140100e-03	
4.653785e-03	4.713100e-03	4.556100e-03	4.643287e-03	4.518200e-03	4.366900e-03	4.224600e-03	4.100700e-03	4.053864e-03	3.881600e-03	3.774500e-03	3.668900e-03	3.473500e-03	3.291800e-03	3.181800e-03	2.963100e-03	2.809500e-03	2.663800e-03	2.529200e-03	2.311400e-03	2.140100e-03	
4.653800e-03	4.713100e-03	4.810674e-03	4.643300e-03	4.547060e-03	4.480436e-03	4.425825e-03	4.323414e-03	4.053900e-03	3.881600e-03	3.774500e-03	3.668900e-03	3.473500e-03	3.291800e-03	3.181800e-03	2.963100e-03	2.809500e-03	2.663800e-03	2.529200e-03	2.311400e-03	2.140100e-03	
4.653800e-03	4.713100e-03	4.810700e-03	4.789993e-03	4.547100e-03	4.559254e-03	4.465382e-03	4.323400e-03	4.193407e-03	4.008790e-03	3.774500e-03	3.668900e-03	3.473500e-03	3.291800e-03	3.181800e-03	2.963100e-03	2.809500e-03	2.663800e-03	2.529200e-03	2.311400e-03	2.140100e-03	
4.905124e-03	4.939382e-03	4.810700e-03	4.790000e-03	4.770687e-03	4.559300e-03	4.465400e-03	4.323400e-03	4.193400e-03	4.008800e-03	3.774500e-03	3.668900e-03	3.473500e-03	3.361966e-03	3.181800e-03	2.963100e-03	2.822298e-03	2.663800e-03	2.529200e-03	2.311400e-03	2.140100e-03	
4.944976e-03	4.939400e-03	4.810700e-03	4.790000e-03	4.770700e-03	4.559300e-03	4.465400e-03	4.323400e-03	4.193400e-03	4.008800e-03	3.774500e-03	3.698723e-03	3.473500e-03	3.362000e-03	3.181800e-03	3.005341e-03	2.822300e-03	2.663800e-03	2.529200e-03	2.311400e-03	2.140100e-03	
4.945000e-03	4.939400e-03	4.984735e-03	4.873218e-03	4.770700e-03	4.559300e-03	4.465400e-03	4.323400e-03	4.193400e-03	4.008800e-03	3.917020e-03	3.698700e-03	3.539967e-03	3.362000e-03	3.181800e-03	3.005300e-03	2.822300e-03	2.663800e-03	2.528913e-03	2.311400e-03	2.074442e-03	
4.945000e-03	5.185833e-03	5.042774e-03	4.873200e-03	4.770700e-03	4.708370e-03	4.465400e-03	4.323400e-03	4.193400e-03	4.067806e-03	3.917000e-03	3.698700e-03	3.540000e-03	3.362000e-03	3.181942e-03	3.005300e-03	2.822300e-03	2.663800e-03	2.528900e-03	2.311400e-03	2.074400e-03	
5.204518e-03	5.185800e-03	5.042800e-03	5.028578e-03	4.782249e-03	4.708400e-03	4.465400e-03	4.323400e-03	4.193400e-03	4.067800e-03	3.917000e-03	3.698700e-03	3.540000e-03	3.362000e-03	3.181900e-03	3.005300e-03	2.822300e-03	2.665565e-03	2.528900e-03	2.311400e-03	2.074400e-03	
5.204500e-03	5.185800e-03	5.042800e-03	5.028600e-03	4.782200e-03	4.708400e-03	4.465400e-03	4.371349e-03	4.193400e-03	4.067800e-03	3.917000e-03	3.698700e-03	3.540000e-03	3.362000e-03	3.181900e-03	3.005300e-03	2.822300e-03	2.665600e-03	2.528900e-03	2.268807e-03	2.074400e-03	
5.242547e-03	5.255086e-03	5.216882e-03	5.028600e-03	4.975674e-03	4.708400e-03	4.671081e-03	4.371300e-03	4.274213e-03	4.067800e-03	3.917000e-03	3.698700e-03	3.540000e-03	3.362000e-03	3.181900e-03	3.005300e-03	2.829980e-03	2.665600e-03	2.528900e-03	2.268800e-03	2.074400e-03	
5.416677e-03	5.255100e-03	5.216900e-03	5.087939e-03	4.975700e-03	4.797508e-03	4.671100e-03	4.506339e-03	4.274200e-03	4.067800e-03	3.917000e-03	3.698700e-03	3.566588e-03	3.362000e-03	3.181900e-03	3.005300e-03	2.830000e-03	2.665600e-03	2.528900e-03	2.268800e-03	2.074400e-03	
5.416700e-03	5.438305e-03	5.271072e-03	5.087900e-03	4.975700e-03	4.797500e-03	4.671100e-03	4.506300e-03	4.274200e-03	4.067800e-03	3.917000e-03	3.698700e-03	3.566600e-03	3.362000e-03	3.181900e-03	3.005300e-03	2.830000e-03	2.665600e-03	2.528900e-03	2.268800e-03	2.074400e-03	
5.505927e-03	5.438300e-03	5.271100e-03	5.266951e-03	4.975700e-03	4.887971e-03	4.671100e-03	4.506300e-03	4.274200e-03	4.158370e-03	3.917000e-03	3.698700e-03	3.566600e-03	3.362000e-03	3.181900e-03	3.005300e-03	2.830000e-03	2.665600e-03	2.528900e-03	2.222669e-03	2.074400e-03	
5.505900e-03	5.505927e-03	5.433303e-03	5.267000e-03	5.031214e-03	4.888000e-03	4.671100e-03	4.506300e-03	4.361320e-03	4.158400e-03	3.917000e-03	3.783105e-03	3.566600e-03	3.362000e-03	3.181900e-03	3.005300e-03	2.830000e-03	2.665600e-03	2.483253e-03	2.222700e-03	1.978564e-03	
5.696679e-03	5.505900e-03	5.433300e-03	5.287344e-03	5.156444e-03	4.888000e-03	4.671100e-03	4.506300e-03	4.361300e-03	4.158400e-03	3.934269e-03	3.783100e-03	3.566600e-03	3.362000e-03	3.181900e-03	3.006856e-03	2.830000e-03	2.665600e-03	2.483300e-03	2.222700e-03	1.978600e-03	
5.696700e-03	5.673189e-03	5.433300e-03	5.287300e-03	5.156400e-03	4.888000e-03	4.729316e-03	4.506300e-03	4.361300e-03	4.158400e-03	3.934300e-03	3.783100e-03	3.566600e-03	3.362000e-03	3.181900e-03	3.006900e-03	2.830000e-03	2.665600e-03	2.483300e-03	2.222700e-03	1.978600e-03	
5.696700e-03	5.673200e-03	5.505927e-03	5.287300e-03	5.156400e-03	5.039918e-03	4.729300e-03	4.561613e-03	4.361300e-03	4.158400e-03	3.934300e-03	3.783100e-03	3.566600e-03	3.362000e-03	3.201422e-03	3.006900e-03	2.830000e-03	2.665600e-03	2.483300e-03	2.222700e-03	1.978600e-03	
5.913698e-03	5.731632e-03	5.635265e-03	5.471320e-03	5.156400e-03	5.039900e-03	4.807071e-03	4.561600e-03	4.361300e-03	4.158400e-03	3.934300e-03	3.783100e-03	3.566600e-03	3.362000e-03	3.201400e-03	3.006900e-03	2.820205e-03	2.665600e-03	2.483300e-03	2.222700e-03	1.978600e-03	
5.913700e-03	5.731600e-03	5.635300e-03	5.471300e-03	5.156400e-03	5.039900e-03	4.807100e-03	4.561600e-03	4.412482e-03	4.158400e-03	4.001300e-03	3.783100e-03	3.566600e-03	3.382674e-03	3.201400e-03	3.006900e-03	2.820200e-03	2.641307e-03	2.483300e-03	2.222700e-03	1.978600e-03	
5.938366e-03	5.898750e-03	5.635300e-03	5.471300e-03	5.278160e-03	5.039900e-03	4.807100e-03	4.658122e-03	4.412500e-03	4.158400e-03	4.001300e-03	3.783100e-03	3.566600e-03	3.382700e-03	3.201400e-03	3.006900e-03	2.820200e-03	2.641300e-03	2.483300e-03	2.222700e-03	1.866293e-03	
5.938400e-03	5.898800e-03	5.635300e-03	5.471300e-03	5.312397e-03	5.039900e-03	4.875419e-03	4.658100e-03	4.412500e-03	4.207037e-03	4.001300e-03	3.783100e-03	3.566600e-03	3.382700e-03	3.201400e-03	3.006900e-03	2.820200e-03	2.641300e-03	2.483300e-03	2.222700e-03	1.866300e-03	
6.174362e-03	5.965532e-03	5.740231e-03	5.505927e-03	5.312400e-03	5.039900e-03	4.875400e-03	4.658100e-03	4.412500e-03	4.207000e-03	4.001300e-03	3.783100e-03	3.594463e-03	3.382700e-03	3.201400e-03	3.006900e-03	2.820200e-03	2.609137e-03	2.483300e-03	2.222700e-03	1.866300e-03	
6.174400e-03	5.965500e-03	5.822251e-03	5.618264e-03	5.312400e-03	5.064259e-03	4.875400e-03	4.658100e-03	4.412500e-03	4.207000e-03	4.001300e-03	3.783100e-03	3.594500e-03	3.382700e-03	3.201400e-03	2.977406e-03	2.820200e-03	2.609100e-03	2.462482e-03	2.222700e-03	1.866300e-03	
6.174400e-03	6.112951e-03	5.822300e-03	5.618300e-03	5.312400e-03	5.175304e-03	4.875400e-03	4.687629e-03	4.412500e-03	4.242916e-03	4.001300e-03	3.786300e-03	3.594500e-03	3.382700e-03	3.200502e-03	2.977400e-03	2.820200e-03	2.609100e-03	2.402620e-03	2.222700e-03	1.866300e-03	
6.382867e-03	6.113000e-03	5.822300e-03	5.618300e-03	5.449869e-03	5.175300e-03	4.875400e-03	4.687600e-03	4.486527e-03	4.242900e-03	4.001300e-03	3.818940e-03	3.594500e-03	3.382700e-03	3.200500e-03	2.977400e-03	2.820200e-03	2.609100e-03	2.402600e-03	2.133206e-03	1.866300e-03	
6.382900e-03	6.113000e-03	5.998154e-03	5.618300e-03	5.449900e-03	5.175300e-03	4.964094e-03	4.687600e-03	4.486500e-03	4.242900e-03	4.001300e-03	3.818900e-03	3.594500e-03	3.377233e-03	3.200500e-03	2.977400e-03	2.820200e-03	2.609100e-03	2.402600e-03	2.133200e-03	1.866300e-03	
6.382900e-03	6.203388e-03	6.027447e-03	5.757100e-03	5.449900e-03	5.175300e-03	4.964100e-03	4.687600e-03	4.486500e-03	4.242900e-03	4.001300e-03	3.818900e-03	3.594500e-03	3.377200e-03	3.200500e-03	2.977400e-03	2.820200e-03	2.609100e-03	2.402600e-03	2.133200e-03	1.866300e-03	
6.428357e-03	6.311272e-03	6.027400e-03	5.757100e-03	5.449900e-03	5.242010e-03	4.964100e-03	4.687600e-03	4.498365e-03	4.242900e-03	4.001300e-03	3.818900e-03	3.594500e-03	3.377200e-03	3.200500e-03	2.976724e-03	2.751698e-03	2.609100e-03	2.402600e-03	2.133200e-03	1.866300e-03	
6.629843e-03	6.311300e-03	6.027400e-03	5.757100e-03	5.449900e-03	5.242000e-03	4.989647e-03	4.765939e-03	4.498400e-03	4.242900e-03	4.023773e-03	3.818900e-03	3.594500e-03	3.377200e-03	3.200500e-03	2.976700e-03	2.751700e-03	2.609100e-03	2.402600e-03	1.998061e-03	1.866300e-03	
6.629800e-03	6.311300e-03	6.027400e-03	5.757100e-03	5.570989e-03	5.242000e-03	4.989600e-03	4.765900e-03	4.498400e-03	4.242900e-03	4.037192e-03	3.818900e-03	3.594500e-03	3.377200e-03	3.200500e-03	2.976700e-03	2.751700e-03	2.609100e-03	2.402600e-03	1.998100e-03	1.866300e-03	
6.629800e-03	6.485449e-03	6.053418e-03	5.869919e-03	5.571000e-03	5.283926e-03	4.989600e-03	4.765900e-03	4.498400e-03	4.242900e-03	4.037200e-03	3.818900e-03	3.593051e-03	3.377200e-03	3.158065e-03	2.976700e-03	2.751700e-03	2.609100e-03	2.402600e-03	1.998100e-03	1.866300e-03	
6.629800e-03	6.485400e-03	6.191852e-03	5.869900e-03	5.571000e-03	5.283900e-03	4.989600e-03	4.766096e-03	4.498400e-03	4.286081e-03	4.037200e-03	3.818900e-03	3.593100e-03	3.377200e-03	3.158100e-03	2.976700e-03	2.751700e-03	2.509244e-03	2.402600e-03	1.998100e-03	1.866300e-03	
6.871023e-03	6.485400e-03	6.191900e-03	5.869900e-03	5.571000e-03	5.335424e-03	5.063644e-03	4.766100e-03	4.498400e-03	4.286100e-03	4.037200e-03	3.818900e-03	3.576784e-03	3.377200e-03	3.158100e-03	2.976700e-03	2.751700e-03	2.509200e-03	2.402600e-03	1.998100e-03	1.552205e-03	
6.871000e-03	6.485400e-03	6.249580e-03	5.951029e-03	5.571000e-03	5.335400e-03	5.063600e-03	4.766100e-03	4.547609e-03	4.286100e-03	4.037200e-03	3.818900e-03	3.576800e-03	3.377200e-03	3.158100e-03	2.901535e-03	2.751700e-03	2.509200e-03	2.402600e-03	1.998100e-03	1.552200e-03	
6.871000e-03	6.711998e-03	6.249600e-03	5.951000e-03	5.656279e-03	5.335400e-03	5.063600e-03	4.766100e-03	4.547600e-03	4.286100e-03	4.037200e-03	3.818900e-03	3.576800e-03	3.377200e-03	3.158100e-03	2.901500e-03	2.751700e-03	2.509200e-03	2.402600e-03	1.998100e-03	1.552200e-03	
6.871000e-03	6.713397e-03	6.249600e-03	5.951000e-03	5.656300e-03	5.335400e-03	5.063600e-03	4.817905e-03	4.547600e-03	4.286100e-03	4.037200e-03	3.818900e-03	3.576800e-03	3.377200e-03	3.158100e-03	2.901500e-03	2.751700e-03	2.509200e-03	2.274215e-03	1.998100e-03	1.552200e-03	
7.097038e-03	6.713400e-03	6.388882e-03	6.005095e-03	5.656300e-03	5.378718e-03	5.063600e-03	4.817900e-03	4.547600e-03	4.286100e-03	4.037200e-03	3.818900e-03	3.576800e-03	3.377200e-03	3.158100e-03	2.901500e-03	2.645357e-03	2.509200e-03	2.274200e-03	1.998100e-03	1.552200e-03	
7.097000e-03	6.713400e-03	6.388900e-03	6.005100e-03	5.718003e-03	5.378700e-03	5.064411e-03	4.817900e-03	4.547600e-03	4.286100e-03	4.037200e-03	3.818900e-03	3.576800e-03	3.377200e-03	3.158100e-03	2.901500e-03	2.645400e-03	2.509200e-03	2.271218e-03	1.998100e-03	1.552200e-03	
7.097000e-03	6.713400e-03	6.388900e-03	6.074039e-03	5.718000e-03	5.378700e-03	5.064400e-03	4.817900e-03	4.547600e-03	4.286100e-03	4.037200e-03	3.818900e-03	3.576800e-03	3.356868e-03	3.158100e-03	2.901500e-03	2.645400e-03	2.509200e-03	2.138481e-03	1.626995e-03	1.552200e-03	
7.147860e-03	6.916609e-03	6.425442e-03	6.074000e-03	5.718000e-03	5.415008e-03	5.114388e-03	4.817900e-03	4.547600e-03	4.286100e-03	4.037200e-03	3.818900e-03	3.576800e-03	3.356900e-03	3.158100e-03	2.901500e-03	2.645400e-03	2.376186e-03	2.138500e-03	1.627000e-03	1.552200e-03	
7.292511e-03	6.916600e-03	6.425400e-03	6.074000e-03	5.718000e-03	5.439075e-03	5.114400e-03	4.817900e-03	4.547600e-03	4.286100e-03	4.037200e-03	3.818900e-03	3.576800e-03	3.356900e-03	3.158100e-03	2.901500e-03	2.645400e-03	2.376200e-03	2.138500e-03	1.627000e-03	1.552200e-03	
7.292500e-03	6.916600e-03	6.425400e-03	6.134568e-03	5.746240e-03	5.439100e-03	5.114400e-03	4.817900e-03	4.547600e-03	4.286100e-03	4.037200e-03	3.767478e-03	3.576800e-03	3.308910e-03	3.158100e-03	2.901500e-03	2.645400e-03	2.376200e-03	2.138500e-03	1.627000e-03	1.552200e-03	
7.353172e-03	6.916600e-03	6.557277e-03	6.134600e-03	5.746200e-03	5.439100e-03	5.114400e-03	4.817900e-03	4.547600e-03	4.286100e-03	4.037200e-03	3.767500e-03	3.576800e-03	3.385830e-03	3.158100e-03	2.901500e-03	2.645400e-03	2.376200e-03	2.138500e-03	1.824494e-03	1.552200e-03	
7.353200e-03	6.958860e-03	6.557300e-03	6.134600e-03	5.789096e-03	5.439100e-03	5.114400e-03	4.817900e-03	4.547600e-03	4.286100e-03	4.037200e-03	3.831139e-03	3.576800e-03	3.385800e-03	3.158100e-03	2.901500e-03	2.645400e-03	2.376200e-03	2.289668e-03	2.025962e-03	1.552200e-03	
7.508487e-03	6.958900e-03	6.557300e-03	6.170045e-03	5.789100e-03	5.439100e-03	5.114400e-03	4.817900e-03	4.547600e-03	4.286100e-03	4.037200e-03	3.831100e-03	3.576800e-03	3.385800e-03	3.158100e-03	2.901500e-03	2.782969e-03	2.528507e-03	2.289700e-03	2.026000e-03	1.552200e-03	
7.508500e-03	7.097217e-03	6.567479e-03	6.170000e-03	5.789100e-03	5.439100e-03	5.114400e-03	4.832563e-03	4.547600e-03	4.286100e-03	4.037200e-03	3.831100e-03	3.576800e-03	3.385800e-03	3.158100e-03	2.901500e-03	2.783000e-03	2.528500e-03	2.454196e-03	2.026000e-03	1.552200e-03	
7.508500e-03	7.097200e-03	6.567500e-03	6.170000e-03	5.822386e-03	5.482868e-03	5.129177e-03	4.832600e-03	4.547600e-03	4.286100e-03	4.037200e-03	3.831100e-03	3.576800e-03	3.385800e-03	3.158100e-03	3.029776e-03	2.783000e-03	2.528500e-03	2.454200e-03	2.026000e-03	1.552200e-03	
7.540909e-03	7.097200e-03	6.567500e-03	6.247525e-03	5.822400e-03	5.482900e-03	5.129200e-03	4.832600e-03	4.547600e-03	4.286100e-03	4.037200e-03	3.831100e-03	3.576800e-03	3.385800e-03	3.270101e-03	3.029800e-03	2.783000e-03	2.691692e-03	2.454200e-03	2.207534e-03	1.971460e-03	
7.656852e-03	7.097200e-03	6.677414e-03	6.247500e-03	5.822400e-03	5.482900e-03	5.129200e-03	4.832600e-03	4.547600e-03	4.286100e-03	4.037200e-03	3.831100e-03	3.682540e-03	3.385800e-03	3.270100e-03	3.029800e-03	2.933187e-03	2.691700e-03	2.454200e-03	2.207500e-03	2.174766e-03	
7.656900e-03	7.144367e-03	6.677400e-03	6.247500e-03	5.822400e-03	5.482900e-03	5.129200e-03	4.832600e-03	4.547600e-03	4.286100e-03	4.037200e-03	3.831100e-03	3.682500e-03	3.492615e-03	3.270100e-03	3.029800e-03	2.933200e-03	2.691700e-03	2.634999e-03	2.386186e-03	2.174800e-03	
7.656900e-03	7.245256e-03	6.677400e-03	6.248173e-03	5.822400e-03	5.482900e-03	5.129200e-03	4.844639e-03	4.547600e-03	4.286100e-03	4.037200e-03	3.831100e-03	3.682500e-03	3.492600e-03	3.270100e-03	3.170751e-03	2.933200e-03	2.866770e-03	2.635000e-03	2.578224e-03	2.354892e-03	
7.787059e-03	7.245300e-03	6.677400e-03	6.248200e-03	5.822400e-03	5.482900e-03	5.128254e-03	4.844600e-03	4.547600e-03	4.355662e-03	4.037200e-03	3.943237e-03	3.682500e-03	3.559260e-03	3.270100e-03	3.309971e-03	3.091718e-03	2.866800e-03	2.825751e-03	2.578200e-03	2.557031e-03	
7.787100e-03	7.245300e-03	6.690790e-03	6.248200e-03	5.822400e-03	5.482900e-03	5.128300e-03	4.844600e-03	4.565160e-03	4.355700e-03	4.141376e-03	3.943200e-03	3.813273e-03	3.630891e-03	3.513310e-03	3.310000e-03	3.091700e-03	2.866800e-03	2.825800e-03	2.578200e-03	2.557000e-03	
