Example_L1_M5.mph
122	21
%e\t%e\t%e\t%e\t%e\t%e\t%e\t%e\t%e\t%e\t%e\t%e\t%e\t%e\t%e\t%e\t%e\t%e\t%e\t%e\t%e\t\n
-1.376482e-03	-1.238833e-03	-1.101185e-03	-9.635371e-04	-8.258890e-04	-6.882408e-04	-5.505927e-04	-4.129445e-04	-2.752963e-04	-1.376482e-04	1.610299e-20	1.376482e-04	2.752963e-04	4.129445e-04	5.505927e-04	6.882408e-04	8.258890e-04	9.635371e-04	1.101185e-03	1.238833e-03	1.376482e-03	
-1.376500e-03	-1.238800e-03	-1.101200e-03	-9.635400e-04	-8.258900e-04	-6.882400e-04	-5.505900e-04	-4.129400e-04	-2.753000e-04	-1.376500e-04	1.610299e-20	1.376500e-04	2.753000e-04	4.129400e-04	5.505900e-04	6.882400e-04	8.258900e-04	9.635400e-04	1.101200e-03	1.238800e-03	1.376500e-03	
-1.376500e-03	-1.238800e-03	-1.101200e-03	-9.635400e-04	-8.258900e-04	-6.882400e-04	-5.505900e-04	-4.129400e-04	-2.753000e-04	-1.376500e-04	1.610299e-20	1.376500e-04	2.753000e-04	4.129400e-04	5.505900e-04	6.882400e-04	8.258900e-04	9.635400e-04	1.101200e-03	1.238800e-03	1.376500e-03	
-1.376500e-03	-1.238800e-03	-1.101200e-03	-9.635400e-04	-8.258900e-04	-6.882400e-04	-5.505900e-04	-4.129400e-04	-2.753000e-04	-1.376500e-04	1.610299e-20	1.376500e-04	2.753000e-04	4.129400e-04	5.505900e-04	6.882400e-04	8.258900e-04	9.635400e-04	1.101200e-03	1.238800e-03	1.376500e-03	
-1.376500e-03	-1.238800e-03	-1.101200e-03	-9.635400e-04	-8.258900e-04	-6.882400e-04	-5.505900e-04	-4.129400e-04	-2.753000e-04	-1.376500e-04	1.610299e-20	1.376500e-04	2.753000e-04	4.129400e-04	5.505900e-04	6.882400e-04	8.258900e-04	9.635400e-04	1.101200e-03	1.238800e-03	1.376500e-03	
-1.376500e-03	-1.238800e-03	-1.101200e-03	-9.635400e-04	-8.258900e-04	-6.882400e-04	-5.505900e-04	-4.129400e-04	-2.753000e-04	-1.376500e-04	1.610299e-20	1.376500e-04	2.753000e-04	4.129400e-04	5.505900e-04	6.882400e-04	8.258900e-04	9.635400e-04	1.101200e-03	1.238800e-03	1.376500e-03	
-1.376500e-03	-1.238800e-03	-1.101200e-03	-9.635400e-04	-8.258900e-04	-6.882400e-04	-5.505900e-04	-4.129400e-04	-2.753000e-04	-1.376500e-04	1.610299e-20	1.376500e-04	2.753000e-04	4.129400e-04	5.505900e-04	6.882400e-04	8.258900e-04	9.635400e-04	1.101200e-03	1.238800e-03	1.376500e-03	
-1.376500e-03	-1.238800e-03	-1.101200e-03	-9.635400e-04	-8.258900e-04	-6.882400e-04	-5.505900e-04	-4.129400e-04	-2.753000e-04	-1.376500e-04	1.610299e-20	1.376500e-04	2.753000e-04	4.129400e-04	5.505900e-04	6.882400e-04	8.258900e-04	9.635400e-04	1.101200e-03	1.238800e-03	1.376500e-03	
-1.376500e-03	-1.238800e-03	-1.101200e-03	-9.635400e-04	-8.258900e-04	-6.882400e-04	-5.505900e-04	-4.129400e-04	-2.753000e-04	-1.376500e-04	1.610299e-20	1.376500e-04	2.753000e-04	4.129400e-04	5.505900e-04	6.884839e-04	8.261327e-04	9.637785e-04	1.101386e-03	1.239000e-03	1.377059e-03	
-1.376500e-03	-1.238800e-03	-1.101200e-03	-9.635400e-04	-8.258900e-04	-6.882400e-04	-5.505900e-04	-4.129400e-04	-2.753000e-04	-1.376500e-04	1.610299e-20	1.381485e-04	2.757400e-04	4.133281e-04	5.509075e-04	6.884800e-04	8.261300e-04	9.637800e-04	1.101400e-03	1.239000e-03	1.377100e-03	
-1.376500e-03	-1.238800e-03	-1.101200e-03	-9.635400e-04	-8.258900e-04	-6.882400e-04	-5.505900e-04	-4.129400e-04	-2.753000e-04	-1.369695e-04	5.946081e-07	1.381500e-04	2.757400e-04	4.133300e-04	5.509100e-04	6.884800e-04	8.261300e-04	9.638249e-04	1.102457e-03	1.240690e-03	1.377110e-03	
-1.376500e-03	-1.238800e-03	-1.101200e-03	-9.635400e-04	-8.258900e-04	-6.882400e-04	-5.505900e-04	-4.121359e-04	-2.745529e-04	-1.369700e-04	5.946100e-07	1.381775e-04	2.781158e-04	4.154948e-04	5.528297e-04	6.901555e-04	8.284756e-04	9.672366e-04	1.103982e-03	1.242535e-03	1.384063e-03	
-1.376500e-03	-1.238800e-03	-1.101200e-03	-9.635400e-04	-8.249751e-04	-6.873152e-04	-5.497306e-04	-4.121400e-04	-2.745500e-04	-1.333999e-04	3.895998e-06	1.409695e-04	2.781200e-04	4.154900e-04	5.528300e-04	6.901600e-04	8.312702e-04	9.672400e-04	1.104000e-03	1.242500e-03	1.384100e-03	
-1.376500e-03	-1.238800e-03	-1.101200e-03	-9.627769e-04	-8.249800e-04	-6.872466e-04	-5.452194e-04	-4.080012e-04	-2.706937e-04	-1.334000e-04	3.896000e-06	1.409700e-04	2.783183e-04	4.202288e-04	5.586308e-04	6.963666e-04	8.312700e-04	9.684916e-04	1.111322e-03	1.249239e-03	1.384578e-03	
-1.376500e-03	-1.232629e-03	-1.094062e-03	-9.574102e-04	-8.202453e-04	-6.828391e-04	-5.452200e-04	-4.080000e-04	-2.610081e-04	-1.241827e-04	1.277293e-05	1.498217e-04	2.849731e-04	4.202300e-04	5.586300e-04	6.976923e-04	8.395262e-04	9.785631e-04	1.113512e-03	1.256867e-03	1.401872e-03	
-1.360156e-03	-1.227972e-03	-1.079449e-03	-9.477752e-04	-8.090456e-04	-6.707195e-04	-5.344754e-04	-3.980797e-04	-2.610100e-04	-1.241800e-04	1.277300e-05	1.498200e-04	2.901168e-04	4.315874e-04	5.634299e-04	6.976900e-04	8.395300e-04	9.785600e-04	1.113500e-03	1.256900e-03	1.401900e-03	
-1.339415e-03	-1.212263e-03	-1.073335e-03	-9.321404e-04	-8.026395e-04	-6.683667e-04	-5.168985e-04	-3.811033e-04	-2.446375e-04	-1.080374e-04	2.883241e-05	1.662147e-04	2.999393e-04	4.317081e-04	5.749952e-04	7.145824e-04	8.454789e-04	9.851643e-04	1.135133e-03	1.269785e-03	1.405231e-03	
-1.335306e-03	-1.194609e-03	-1.060389e-03	-9.315977e-04	-7.893604e-04	-6.527428e-04	-5.169000e-04	-3.811000e-04	-2.446400e-04	-1.080400e-04	2.883200e-05	1.662100e-04	3.110531e-04	4.542726e-04	5.839617e-04	7.199901e-04	8.663127e-04	1.003534e-03	1.136335e-03	1.288478e-03	1.433184e-03	
-1.316056e-03	-1.190203e-03	-1.050578e-03	-9.087295e-04	-7.674632e-04	-6.282447e-04	-4.963572e-04	-3.624328e-04	-2.219354e-04	-8.430941e-05	5.203871e-05	1.872894e-04	3.218777e-04	4.598431e-04	6.052585e-04	7.438774e-04	8.723365e-04	1.003500e-03	1.136300e-03	1.288500e-03	1.433200e-03	
-1.308943e-03	-1.168121e-03	-1.037090e-03	-9.087300e-04	-7.674600e-04	-6.282400e-04	-4.963600e-04	-3.403587e-04	-2.163218e-04	-8.430900e-05	5.203900e-05	1.872900e-04	3.218800e-04	4.598400e-04	6.052600e-04	7.438800e-04	8.723400e-04	1.019757e-03	1.174196e-03	1.303879e-03	1.445654e-03	
-1.291136e-03	-1.165561e-03	-1.024376e-03	-8.839637e-04	-7.564838e-04	-6.256972e-04	-4.778125e-04	-3.305206e-04	-1.880638e-04	-4.603703e-05	8.627694e-05	2.191180e-04	3.540395e-04	4.897945e-04	6.164052e-04	7.551223e-04	9.111426e-04	1.042680e-03	1.174200e-03	1.303900e-03	1.445700e-03	
-1.280349e-03	-1.139018e-03	-1.010995e-03	-8.815406e-04	-7.357214e-04	-5.962473e-04	-4.675050e-04	-3.305200e-04	-1.880600e-04	-4.603700e-05	8.627700e-05	2.191200e-04	3.540400e-04	4.897900e-04	6.539647e-04	7.866035e-04	9.127168e-04	1.042700e-03	1.181314e-03	1.348464e-03	1.483083e-03	
-1.264686e-03	-1.138573e-03	-9.930712e-04	-8.546750e-04	-7.248636e-04	-5.878882e-04	-4.344994e-04	-2.950427e-04	-1.709865e-04	-4.603700e-05	8.627700e-05	2.191200e-04	3.895736e-04	5.209906e-04	6.586246e-04	7.866000e-04	9.127200e-04	1.077711e-03	1.227090e-03	1.355410e-03	1.518211e-03	
-1.264700e-03	-1.138600e-03	-9.930700e-04	-8.474792e-04	-6.970008e-04	-5.601035e-04	-4.250402e-04	-2.827782e-04	-1.361779e-04	3.195025e-06	1.365961e-04	2.676061e-04	3.895700e-04	5.209900e-04	6.586200e-04	8.140547e-04	9.666979e-04	1.095638e-03	1.227100e-03	1.355400e-03	1.518200e-03	
-1.254482e-03	-1.118838e-03	-9.846571e-04	-8.474800e-04	-6.970000e-04	-5.601000e-04	-4.250400e-04	-2.827800e-04	-1.361800e-04	3.195000e-06	1.366000e-04	2.742513e-04	4.223631e-04	5.706299e-04	7.130562e-04	8.422347e-04	9.667000e-04	1.095600e-03	1.257531e-03	1.423009e-03	1.545972e-03	
-1.245381e-03	-1.115580e-03	-9.639274e-04	-8.271220e-04	-6.935591e-04	-5.601000e-04	-4.250400e-04	-2.827800e-04	-1.361800e-04	3.195000e-06	1.366000e-04	2.742500e-04	4.223600e-04	5.706300e-04	7.130600e-04	8.422300e-04	9.797958e-04	1.161212e-03	1.293887e-03	1.423000e-03	1.546000e-03	
-1.245400e-03	-1.115600e-03	-9.639300e-04	-8.271200e-04	-6.935600e-04	-5.302578e-04	-3.888178e-04	-2.359166e-04	-9.269614e-05	4.887791e-05	1.919022e-04	3.366539e-04	4.540819e-04	5.706300e-04	7.130600e-04	8.852146e-04	1.030805e-03	1.161200e-03	1.293900e-03	1.446613e-03	1.625641e-03	
-1.237858e-03	-1.103109e-03	-9.603446e-04	-8.150971e-04	-6.627546e-04	-5.302600e-04	-3.686375e-04	-2.351155e-04	-9.269600e-05	4.887800e-05	1.919000e-04	3.366500e-04	4.848711e-04	6.361644e-04	7.721066e-04	9.009991e-04	1.030800e-03	1.165204e-03	1.374746e-03	1.504238e-03	1.625600e-03	
-1.237900e-03	-1.103100e-03	-9.394669e-04	-8.011818e-04	-6.602303e-04	-5.108913e-04	-3.686400e-04	-2.351200e-04	-9.269600e-05	4.887800e-05	1.919000e-04	3.366500e-04	4.848700e-04	6.361600e-04	7.721100e-04	9.010000e-04	1.081787e-03	1.241185e-03	1.375376e-03	1.504200e-03	1.625600e-03	
-1.236567e-03	-1.100560e-03	-9.394700e-04	-8.011800e-04	-6.602300e-04	-5.108900e-04	-3.446436e-04	-1.877136e-04	-4.469729e-05	1.043567e-04	2.505126e-04	3.496432e-04	4.848700e-04	6.361600e-04	7.993621e-04	9.682207e-04	1.105428e-03	1.241200e-03	1.375400e-03	1.504200e-03	1.642734e-03	
-1.236600e-03	-1.100600e-03	-9.394700e-04	-8.011800e-04	-6.328439e-04	-4.830933e-04	-3.337230e-04	-1.877100e-04	-4.469700e-05	1.043600e-04	2.544997e-04	4.083066e-04	5.534820e-04	6.543377e-04	7.993600e-04	9.682200e-04	1.105400e-03	1.241200e-03	1.375400e-03	1.601536e-03	1.728006e-03	
-1.239127e-03	-1.098965e-03	-9.385830e-04	-7.873869e-04	-6.328400e-04	-4.830900e-04	-3.337200e-04	-1.877100e-04	-4.469700e-05	1.043600e-04	2.545000e-04	4.083100e-04	5.648158e-04	7.287756e-04	8.635929e-04	9.682200e-04	1.105400e-03	1.312647e-03	1.474934e-03	1.601500e-03	1.728000e-03	
-1.239100e-03	-1.099000e-03	-9.385800e-04	-7.847305e-04	-6.328400e-04	-4.830900e-04	-3.337200e-04	-1.366437e-04	1.676125e-05	1.502237e-04	2.545000e-04	4.083100e-04	5.648200e-04	7.287800e-04	8.914051e-04	1.055698e-03	1.206154e-03	1.342150e-03	1.474900e-03	1.601500e-03	1.728000e-03	
-1.239100e-03	-1.099813e-03	-9.280749e-04	-7.691113e-04	-6.076200e-04	-4.500986e-04	-2.926160e-04	-1.366400e-04	1.676100e-05	1.708491e-04	3.291865e-04	4.551783e-04	5.648200e-04	7.287800e-04	8.914100e-04	1.055700e-03	1.206200e-03	1.342200e-03	1.474900e-03	1.601500e-03	1.728000e-03	
-1.245419e-03	-1.099800e-03	-9.280700e-04	-7.691100e-04	-6.076200e-04	-4.501000e-04	-2.926200e-04	-1.366400e-04	1.676100e-05	1.708500e-04	3.291900e-04	4.919268e-04	6.576528e-04	7.665157e-04	8.914100e-04	1.055700e-03	1.206200e-03	1.342200e-03	1.474900e-03	1.615417e-03	1.850434e-03	
-1.255845e-03	-1.103440e-03	-9.280700e-04	-7.691100e-04	-6.076200e-04	-4.501000e-04	-2.926200e-04	-1.366400e-04	1.676100e-05	1.708500e-04	3.291900e-04	4.919300e-04	6.576500e-04	8.289569e-04	9.809749e-04	1.084066e-03	1.206200e-03	1.342200e-03	1.590995e-03	1.722870e-03	1.850400e-03	
-1.255800e-03	-1.103400e-03	-9.280700e-04	-7.691100e-04	-5.789247e-04	-4.113074e-04	-2.425565e-04	-7.444387e-05	9.081274e-05	2.547240e-04	3.583566e-04	4.919300e-04	6.576500e-04	8.289600e-04	9.809700e-04	1.084100e-03	1.280922e-03	1.462070e-03	1.591000e-03	1.722900e-03	1.850400e-03	
-1.255800e-03	-1.103400e-03	-9.228265e-04	-7.528583e-04	-5.789200e-04	-4.113100e-04	-2.425600e-04	-7.444400e-05	9.081300e-05	2.547200e-04	4.212086e-04	5.736455e-04	6.677101e-04	8.289600e-04	1.003779e-03	1.189477e-03	1.329337e-03	1.462100e-03	1.591000e-03	1.722900e-03	1.850400e-03	
-1.255800e-03	-1.113595e-03	-9.228300e-04	-7.528600e-04	-5.789200e-04	-4.113100e-04	-2.425600e-04	-7.444400e-05	9.081300e-05	2.547200e-04	4.212100e-04	5.909026e-04	7.634787e-04	8.866788e-04	1.003800e-03	1.189500e-03	1.329300e-03	1.462100e-03	1.591000e-03	1.722900e-03	1.850400e-03	
-1.282207e-03	-1.113600e-03	-9.228300e-04	-7.528600e-04	-5.789200e-04	-3.796128e-04	-2.425600e-04	-5.087601e-05	9.081300e-05	2.626425e-04	4.212100e-04	5.909000e-04	7.634800e-04	8.866800e-04	1.003800e-03	1.189500e-03	1.329300e-03	1.462100e-03	1.591000e-03	1.722900e-03	1.850400e-03	
-1.282200e-03	-1.113600e-03	-9.228300e-04	-7.348251e-04	-5.481371e-04	-3.676168e-04	-1.876329e-04	-6.714276e-06	1.694998e-04	3.342697e-04	4.649294e-04	5.909000e-04	7.634800e-04	9.412189e-04	1.110656e-03	1.189500e-03	1.329300e-03	1.462100e-03	1.591000e-03	1.722900e-03	1.850400e-03	
-1.282200e-03	-1.113600e-03	-9.196372e-04	-7.348300e-04	-5.481400e-04	-3.676200e-04	-1.876300e-04	-6.714300e-06	1.695000e-04	3.342700e-04	5.066718e-04	6.790340e-04	7.883322e-04	9.412200e-04	1.110700e-03	1.189500e-03	1.329300e-03	1.558098e-03	1.591000e-03	1.722900e-03	1.850400e-03	
-1.282200e-03	-1.127203e-03	-9.196400e-04	-7.348300e-04	-5.481400e-04	-3.676200e-04	-1.876300e-04	-6.714300e-06	1.695000e-04	3.342700e-04	5.066700e-04	6.790300e-04	7.883300e-04	9.412200e-04	1.122787e-03	1.318997e-03	1.457746e-03	1.576233e-03	1.761941e-03	1.791881e-03	1.850400e-03	
-1.295729e-03	-1.127200e-03	-9.196400e-04	-7.348300e-04	-5.206058e-04	-3.154730e-04	-1.721041e-04	4.728064e-05	1.695000e-04	3.342700e-04	5.066700e-04	6.869337e-04	9.030510e-04	1.024530e-03	1.122800e-03	1.319000e-03	1.457700e-03	1.576200e-03	1.761900e-03	1.791900e-03	1.850400e-03	
-1.295700e-03	-1.127200e-03	-9.130909e-04	-7.129486e-04	-5.098593e-04	-3.154700e-04	-1.203400e-04	4.728100e-05	2.730733e-04	4.383742e-04	5.763291e-04	6.869300e-04	9.030500e-04	1.024500e-03	1.122800e-03	1.319000e-03	1.457700e-03	1.576200e-03	1.761900e-03	1.791900e-03	1.850400e-03	
-1.325838e-03	-1.141860e-03	-9.130900e-04	-7.129500e-04	-5.098600e-04	-3.154700e-04	-1.203400e-04	7.629627e-05	2.730700e-04	4.383700e-04	5.763300e-04	7.875286e-04	9.229126e-04	1.086225e-03	1.235945e-03	1.345807e-03	1.457700e-03	1.576200e-03	1.761900e-03	1.791900e-03	1.850400e-03	
-1.334140e-03	-1.141900e-03	-9.130900e-04	-7.129500e-04	-5.098600e-04	-3.154700e-04	-1.203400e-04	7.629600e-05	2.730700e-04	4.383700e-04	6.070027e-04	7.875300e-04	9.229100e-04	1.086200e-03	1.235900e-03	1.345800e-03	1.457700e-03	1.576200e-03	1.761900e-03	1.791900e-03	1.850400e-03	
-1.334100e-03	-1.141900e-03	-9.130900e-04	-6.851353e-04	-4.614405e-04	-3.043989e-04	-7.686083e-05	7.629600e-05	2.908478e-04	4.383700e-04	6.070000e-04	7.875300e-04	9.229100e-04	1.086200e-03	1.235900e-03	1.345800e-03	1.457700e-03	1.576200e-03	1.761900e-03	1.791900e-03	1.798562e-03	
-1.334100e-03	-1.142559e-03	-9.026795e-04	-6.808772e-04	-4.614400e-04	-2.513076e-04	-4.129231e-05	1.577111e-04	2.908500e-04	5.221141e-04	6.771295e-04	7.875300e-04	9.229100e-04	1.086200e-03	1.235900e-03	1.345800e-03	1.546654e-03	1.576200e-03	1.761900e-03	1.791900e-03	1.798600e-03	
-1.377559e-03	-1.142600e-03	-9.026800e-04	-6.808800e-04	-4.614400e-04	-2.513100e-04	-4.129200e-05	1.577100e-04	2.908500e-04	5.221100e-04	6.771300e-04	9.101723e-04	9.449370e-04	1.086200e-03	1.235900e-03	1.345800e-03	1.546700e-03	1.702701e-03	1.761900e-03	1.791900e-03	1.798600e-03	
-1.377600e-03	-1.156447e-03	-9.026800e-04	-6.808800e-04	-4.614400e-04	-2.513100e-04	-4.129200e-05	1.577100e-04	3.955548e-04	5.591641e-04	7.362552e-04	9.133556e-04	1.077582e-03	1.184019e-03	1.366713e-03	1.376482e-03	1.546700e-03	1.702700e-03	1.781132e-03	1.791900e-03	1.798600e-03	
-1.377600e-03	-1.156400e-03	-8.826576e-04	-6.808800e-04	-3.965059e-04	-2.113066e-04	3.017215e-05	1.767426e-04	3.955500e-04	5.591600e-04	7.362600e-04	9.133600e-04	1.077600e-03	1.231053e-03	1.366700e-03	1.376500e-03	1.546700e-03	1.702700e-03	1.781100e-03	1.791900e-03	1.798600e-03	
-1.377838e-03	-1.156740e-03	-8.826600e-04	-6.280132e-04	-3.965100e-04	-1.817982e-04	3.017200e-05	2.626411e-04	3.955500e-04	5.591600e-04	7.362600e-04	9.133600e-04	1.077600e-03	1.231100e-03	1.366700e-03	1.376500e-03	1.546700e-03	1.702700e-03	1.781100e-03	1.791900e-03	1.798600e-03	
-1.416005e-03	-1.156700e-03	-8.800031e-04	-6.280100e-04	-3.965100e-04	-1.818000e-04	5.724162e-05	2.626400e-04	3.955500e-04	5.591600e-04	7.362600e-04	9.133600e-04	1.077600e-03	1.231100e-03	1.366700e-03	1.539748e-03	1.623555e-03	1.702700e-03	1.781100e-03	1.791900e-03	1.798600e-03	
-1.416000e-03	-1.156862e-03	-8.800000e-04	-6.125141e-04	-3.965100e-04	-1.128865e-04	5.724200e-05	2.626400e-04	5.276811e-04	5.893074e-04	7.362600e-04	9.133600e-04	1.077600e-03	1.231100e-03	1.366700e-03	1.539700e-03	1.623600e-03	1.702700e-03	1.781100e-03	1.791900e-03	1.798600e-03	
-1.416000e-03	-1.156900e-03	-8.386551e-04	-6.125100e-04	-3.408604e-04	-1.128900e-04	5.724200e-05	2.852063e-04	5.276800e-04	7.310790e-04	8.669999e-04	9.133600e-04	1.077600e-03	1.231100e-03	1.366700e-03	1.539700e-03	1.623600e-03	1.702700e-03	1.781100e-03	1.791900e-03	1.798600e-03	
-1.421937e-03	-1.156900e-03	-8.386600e-04	-6.125100e-04	-3.408600e-04	-1.128900e-04	5.724200e-05	3.775296e-04	5.461087e-04	7.310800e-04	8.670000e-04	1.084450e-03	1.156424e-03	1.231100e-03	1.366700e-03	1.539700e-03	1.623600e-03	1.702700e-03	1.781100e-03	1.791900e-03	1.798600e-03	
-1.421900e-03	-1.155766e-03	-8.386600e-04	-6.125100e-04	-2.961799e-04	-5.959967e-05	1.969432e-04	3.775300e-04	5.461100e-04	7.310800e-04	9.146901e-04	1.084500e-03	1.156400e-03	1.231100e-03	1.376482e-03	1.539700e-03	1.623600e-03	1.702700e-03	1.781100e-03	1.791900e-03	1.798600e-03	
-1.444548e-03	-1.155800e-03	-8.386600e-04	-5.273593e-04	-2.961800e-04	-5.960000e-05	1.969400e-04	3.775300e-04	5.461100e-04	7.310800e-04	9.146900e-04	1.084500e-03	1.259107e-03	1.376482e-03	1.376500e-03	1.539700e-03	1.623600e-03	1.702700e-03	1.781100e-03	1.791900e-03	1.798600e-03	
-1.444500e-03	-1.138088e-03	-8.370320e-04	-5.273600e-04	-2.961800e-04	-5.960000e-05	1.969400e-04	3.775300e-04	5.461100e-04	7.310800e-04	9.146900e-04	1.084500e-03	1.259100e-03	1.376500e-03	1.376500e-03	1.539700e-03	1.623600e-03	1.702700e-03	1.781100e-03	1.791900e-03	1.798600e-03	
-1.444500e-03	-1.138100e-03	-8.370300e-04	-5.273600e-04	-2.961800e-04	-5.960000e-05	2.017720e-04	3.775300e-04	5.461100e-04	7.310800e-04	9.146900e-04	1.084500e-03	1.259100e-03	1.376500e-03	1.376500e-03	1.539700e-03	1.623600e-03	1.702700e-03	1.781100e-03	1.791900e-03	1.798600e-03	
-1.449424e-03	-1.135288e-03	-7.730985e-04	-5.273600e-04	-2.382517e-04	4.280088e-05	2.017700e-04	3.775300e-04	5.461100e-04	8.375292e-04	9.146900e-04	1.084500e-03	1.259100e-03	1.376500e-03	1.376500e-03	1.539700e-03	1.623600e-03	1.702700e-03	1.781100e-03	1.791900e-03	1.798600e-03	
-1.449400e-03	-1.135300e-03	-7.731000e-04	-5.201812e-04	-1.796938e-04	4.280100e-05	2.017700e-04	5.289936e-04	7.567894e-04	8.375300e-04	9.146900e-04	1.126700e-03	1.259100e-03	1.376500e-03	1.376500e-03	1.567954e-03	1.623600e-03	1.702700e-03	1.781100e-03	1.791900e-03	1.798600e-03	
-1.455370e-03	-1.135300e-03	-7.731000e-04	-4.216089e-04	-1.796900e-04	4.280100e-05	2.017700e-04	5.680886e-04	7.567900e-04	9.413229e-04	1.111609e-03	1.126700e-03	1.259100e-03	1.376500e-03	1.616491e-03	1.568000e-03	1.623600e-03	1.702700e-03	1.781100e-03	1.791900e-03	1.798600e-03	
-1.455400e-03	-1.094822e-03	-7.731000e-04	-4.216100e-04	-1.796900e-04	4.280100e-05	3.756269e-04	5.680900e-04	7.567900e-04	9.413200e-04	1.111600e-03	1.126700e-03	1.259100e-03	1.436031e-03	1.616500e-03	1.568000e-03	1.623600e-03	1.702700e-03	1.781100e-03	1.791900e-03	1.798600e-03	
-1.454528e-03	-1.094800e-03	-7.401684e-04	-4.216100e-04	-1.796900e-04	1.023524e-04	3.756300e-04	5.680900e-04	7.567900e-04	9.413200e-04	1.111600e-03	1.126700e-03	1.376482e-03	1.436000e-03	1.616500e-03	1.568000e-03	1.623600e-03	1.702700e-03	1.781100e-03	1.791900e-03	1.798600e-03	
-1.454500e-03	-1.094800e-03	-6.850832e-04	-4.216100e-04	-1.796900e-04	1.732327e-04	3.756300e-04	5.680900e-04	7.567900e-04	9.413200e-04	1.111600e-03	1.321041e-03	1.376500e-03	1.436000e-03	1.616500e-03	1.568000e-03	1.623600e-03	1.702700e-03	1.781100e-03	1.791900e-03	1.798600e-03	
-1.444344e-03	-1.087151e-03	-6.850800e-04	-4.216100e-04	-4.355702e-05	1.732300e-04	3.756300e-04	5.680900e-04	7.567900e-04	9.413200e-04	1.134698e-03	1.321000e-03	1.376500e-03	1.436000e-03	1.616500e-03	1.568000e-03	1.623600e-03	1.702700e-03	1.781100e-03	1.791900e-03	1.798600e-03	
-1.444300e-03	-1.039380e-03	-6.850800e-04	-3.501336e-04	-4.355700e-05	1.732300e-04	3.756300e-04	5.680900e-04	7.567900e-04	9.413200e-04	1.134700e-03	1.321000e-03	1.376500e-03	1.436000e-03	1.616500e-03	1.568000e-03	1.623600e-03	1.702700e-03	1.781100e-03	1.791900e-03	1.798600e-03	
-1.437998e-03	-1.039400e-03	-6.850800e-04	-3.113618e-04	-4.355700e-05	1.732300e-04	3.756300e-04	5.680900e-04	8.284028e-04	9.413200e-04	1.134700e-03	1.321000e-03	1.376500e-03	1.436000e-03	1.616500e-03	1.568000e-03	1.623600e-03	1.702700e-03	1.781100e-03	1.791900e-03	1.798600e-03	
-1.438000e-03	-1.039400e-03	-5.854325e-04	-3.113600e-04	-2.553859e-05	2.570227e-04	5.487067e-04	7.869746e-04	8.284000e-04	9.413200e-04	1.134700e-03	1.321000e-03	1.376500e-03	1.436000e-03	1.616500e-03	1.568000e-03	1.623600e-03	1.702700e-03	1.781100e-03	1.791900e-03	1.798600e-03	
-1.438000e-03	-1.039400e-03	-5.854300e-04	-2.323330e-04	-2.553900e-05	3.182482e-04	5.846895e-04	7.869700e-04	9.909288e-04	1.107738e-03	1.134700e-03	1.321000e-03	1.376500e-03	1.436000e-03	1.616500e-03	1.568000e-03	1.623600e-03	1.702700e-03	1.781100e-03	1.791900e-03	1.798600e-03	
-1.407012e-03	-9.761300e-04	-5.854300e-04	-2.323300e-04	1.270737e-04	3.182500e-04	5.846900e-04	7.869700e-04	9.909300e-04	1.107700e-03	1.134700e-03	1.321000e-03	1.376500e-03	1.611617e-03	1.616500e-03	1.568000e-03	1.696801e-03	1.702700e-03	1.781100e-03	1.791900e-03	1.798600e-03	
-1.400964e-03	-9.761300e-04	-5.854300e-04	-2.323300e-04	1.270700e-04	3.182500e-04	5.846900e-04	7.869700e-04	9.909300e-04	1.107700e-03	1.134700e-03	1.376482e-03	1.376500e-03	1.611600e-03	1.616500e-03	1.757316e-03	1.696800e-03	1.702700e-03	1.781100e-03	1.791900e-03	1.798600e-03	
-1.401000e-03	-9.761300e-04	-5.030079e-04	-1.821121e-04	1.270700e-04	3.182500e-04	5.846900e-04	7.869700e-04	9.909300e-04	1.107700e-03	1.376482e-03	1.376500e-03	1.530285e-03	1.611600e-03	1.616500e-03	1.757300e-03	1.696800e-03	1.702700e-03	1.804519e-03	1.791900e-03	2.067499e-03	
-1.401000e-03	-8.909543e-04	-4.736589e-04	-1.821100e-04	1.270700e-04	4.510900e-04	5.846900e-04	7.869700e-04	9.909300e-04	1.198429e-03	1.376500e-03	1.376500e-03	1.530300e-03	1.611600e-03	1.617034e-03	1.757300e-03	1.696800e-03	1.702700e-03	1.804500e-03	1.791900e-03	2.067500e-03	
-1.349545e-03	-8.909500e-04	-4.736600e-04	-7.995415e-05	1.360878e-04	4.510900e-04	5.846900e-04	7.869700e-04	9.909300e-04	1.198400e-03	1.376500e-03	1.376500e-03	1.530300e-03	1.611600e-03	1.617000e-03	1.757300e-03	1.696800e-03	1.878727e-03	1.804500e-03	1.791900e-03	2.067500e-03	
-1.349500e-03	-8.909500e-04	-4.736600e-04	-7.995400e-05	1.360900e-04	4.510900e-04	5.846900e-04	8.470503e-04	9.909300e-04	1.198400e-03	1.376500e-03	1.376500e-03	1.530300e-03	1.611600e-03	1.617000e-03	1.757300e-03	1.696800e-03	1.878700e-03	1.804500e-03	2.005912e-03	2.067500e-03	
-1.340479e-03	-8.630819e-04	-3.749334e-04	-7.995400e-05	2.996598e-04	4.510900e-04	8.196559e-04	8.470500e-04	1.112228e-03	1.198400e-03	1.376500e-03	1.376500e-03	1.530300e-03	1.611600e-03	1.617000e-03	1.757300e-03	1.876570e-03	1.878700e-03	1.804500e-03	2.005900e-03	2.067500e-03	
-1.294927e-03	-8.630800e-04	-3.749300e-04	-3.664852e-05	2.996600e-04	5.420512e-04	8.196600e-04	1.031334e-03	1.112200e-03	1.198400e-03	1.376500e-03	1.376500e-03	1.612684e-03	1.611600e-03	1.617000e-03	1.757300e-03	1.876600e-03	1.878700e-03	1.804500e-03	2.005900e-03	2.067500e-03	
-1.294900e-03	-7.814124e-04	-3.415161e-04	-3.664900e-05	2.996600e-04	5.420500e-04	8.196600e-04	1.031300e-03	1.112200e-03	1.198400e-03	1.376500e-03	1.376500e-03	1.612700e-03	1.611600e-03	1.617000e-03	1.757300e-03	1.876600e-03	1.878700e-03	1.804500e-03	2.005900e-03	2.067500e-03	
-1.268125e-03	-7.814100e-04	-3.415200e-04	1.050861e-04	2.996600e-04	6.416310e-04	8.196600e-04	1.031300e-03	1.112200e-03	1.376482e-03	1.376500e-03	1.376500e-03	1.612700e-03	1.611600e-03	1.617000e-03	1.757300e-03	1.876600e-03	1.878700e-03	1.804500e-03	2.156206e-03	2.067500e-03	
-1.268100e-03	-7.482333e-04	-2.331204e-04	1.050900e-04	3.532515e-04	6.416300e-04	8.196600e-04	1.031300e-03	1.265782e-03	1.376500e-03	1.376500e-03	1.625979e-03	1.612700e-03	1.611600e-03	1.617000e-03	1.757300e-03	1.876600e-03	1.878700e-03	2.057127e-03	2.156200e-03	2.280474e-03	
-1.203168e-03	-7.482300e-04	-2.331200e-04	1.224076e-04	4.800925e-04	6.416300e-04	8.196600e-04	1.031300e-03	1.265800e-03	1.376500e-03	1.420333e-03	1.626000e-03	1.612700e-03	1.611600e-03	1.617000e-03	1.816233e-03	1.876600e-03	1.878700e-03	2.057100e-03	2.156200e-03	2.280500e-03	
-1.203200e-03	-6.585505e-04	-2.331200e-04	1.224100e-04	4.800900e-04	6.416300e-04	9.014386e-04	1.031300e-03	1.265800e-03	1.376500e-03	1.420300e-03	1.626000e-03	1.612700e-03	1.611600e-03	1.617000e-03	1.816200e-03	1.876600e-03	1.878700e-03	2.057100e-03	2.156200e-03	2.280500e-03	
-1.203200e-03	-6.585500e-04	-1.792660e-04	1.224100e-04	4.800900e-04	8.339057e-04	9.014400e-04	1.124884e-03	1.265800e-03	1.376500e-03	1.420300e-03	1.626000e-03	1.612700e-03	1.611600e-03	1.914453e-03	1.816200e-03	1.876600e-03	1.878700e-03	2.057100e-03	2.156200e-03	2.280500e-03	
-1.115597e-03	-6.245137e-04	-7.844872e-05	2.954489e-04	4.800900e-04	8.339100e-04	1.019489e-03	1.124900e-03	1.265800e-03	1.376500e-03	1.420300e-03	1.626000e-03	1.612700e-03	1.611600e-03	1.914500e-03	1.816200e-03	1.966973e-03	1.878700e-03	2.057100e-03	2.156200e-03	2.280500e-03	
-1.115600e-03	-6.245100e-04	-7.844900e-05	2.954500e-04	4.800900e-04	8.339100e-04	1.019500e-03	1.124900e-03	1.376482e-03	1.376500e-03	1.634895e-03	1.626000e-03	1.612700e-03	1.817603e-03	1.914500e-03	1.816200e-03	1.967000e-03	2.001096e-03	2.057100e-03	2.156200e-03	2.280500e-03	
-1.104624e-03	-5.189519e-04	-7.844900e-05	2.954500e-04	6.245544e-04	8.339100e-04	1.019500e-03	1.309913e-03	1.376500e-03	1.376500e-03	1.634900e-03	1.626000e-03	1.612700e-03	1.817600e-03	1.914500e-03	1.816200e-03	1.967000e-03	2.001100e-03	2.057100e-03	2.156200e-03	2.460096e-03	
-1.104600e-03	-5.189500e-04	-7.844900e-05	2.954500e-04	6.669673e-04	8.339100e-04	1.135513e-03	1.309900e-03	1.376500e-03	1.514965e-03	1.634900e-03	1.626000e-03	1.612700e-03	1.817600e-03	1.914500e-03	1.816200e-03	1.967000e-03	2.001100e-03	2.057100e-03	2.156200e-03	2.460100e-03	
-9.890152e-04	-4.733583e-04	1.408035e-05	3.322480e-04	6.669700e-04	8.339100e-04	1.135500e-03	1.309900e-03	1.376500e-03	1.515000e-03	1.634900e-03	1.626000e-03	1.846642e-03	1.817600e-03	1.914500e-03	1.816200e-03	1.967000e-03	2.121637e-03	2.057100e-03	2.156200e-03	2.460100e-03	
-9.890200e-04	-4.733600e-04	8.984628e-05	4.568751e-04	6.669700e-04	8.710969e-04	1.135500e-03	1.309900e-03	1.376500e-03	1.515000e-03	1.634900e-03	1.626000e-03	1.846600e-03	1.817600e-03	1.914500e-03	2.058589e-03	1.967000e-03	2.121600e-03	2.115930e-03	2.156200e-03	2.460100e-03	
-9.890200e-04	-3.648020e-04	8.984600e-05	4.568800e-04	6.669700e-04	1.048993e-03	1.135500e-03	1.376482e-03	1.376500e-03	1.637372e-03	1.634900e-03	1.645769e-03	1.846600e-03	1.817600e-03	1.929797e-03	2.058600e-03	1.967000e-03	2.121600e-03	2.267592e-03	2.156200e-03	2.460100e-03	
-8.712448e-04	-3.648000e-04	8.984600e-05	4.568800e-04	8.608508e-04	1.049000e-03	1.135500e-03	1.376500e-03	1.588293e-03	1.637400e-03	1.634900e-03	1.885535e-03	1.846600e-03	1.817600e-03	1.929800e-03	2.058600e-03	1.967000e-03	2.121600e-03	2.267600e-03	2.320189e-03	2.460100e-03	
-8.712400e-04	-3.648000e-04	2.696167e-04	4.568800e-04	8.608500e-04	1.049000e-03	1.317166e-03	1.376500e-03	1.588300e-03	1.637400e-03	1.634900e-03	1.885500e-03	1.846600e-03	2.019009e-03	1.929800e-03	2.058600e-03	1.967000e-03	2.121600e-03	2.267600e-03	2.320200e-03	2.460100e-03	
-8.712400e-04	-2.913214e-04	3.009648e-04	6.321590e-04	8.608500e-04	1.049000e-03	1.317200e-03	1.376500e-03	1.588300e-03	1.637400e-03	1.634900e-03	1.885500e-03	1.846600e-03	2.019000e-03	1.929800e-03	2.058600e-03	1.967000e-03	2.121600e-03	2.267600e-03	2.320200e-03	2.460100e-03	
-8.426602e-04	-1.994118e-04	3.009600e-04	6.321600e-04	8.608500e-04	1.172770e-03	1.317200e-03	1.376500e-03	1.628434e-03	1.637400e-03	1.634900e-03	1.885500e-03	1.846600e-03	2.019000e-03	1.929800e-03	2.061768e-03	2.200892e-03	2.121600e-03	2.267600e-03	2.320200e-03	2.460100e-03	
-7.086527e-04	-1.994100e-04	3.009600e-04	6.321600e-04	8.608500e-04	1.172800e-03	1.376482e-03	1.598342e-03	1.628400e-03	1.637400e-03	1.794806e-03	1.885500e-03	1.846600e-03	2.019000e-03	1.929800e-03	2.061800e-03	2.200900e-03	2.121600e-03	2.267600e-03	2.517384e-03	2.460100e-03	
-7.086500e-04	-1.994100e-04	3.009600e-04	6.321600e-04	1.063749e-03	1.172800e-03	1.376500e-03	1.598300e-03	1.628400e-03	1.637400e-03	1.909178e-03	1.885500e-03	1.846600e-03	2.019000e-03	1.929800e-03	2.061800e-03	2.200900e-03	2.121600e-03	2.267600e-03	2.517400e-03	2.460100e-03	
-7.086500e-04	-3.500126e-05	3.318380e-04	7.951869e-04	1.063700e-03	1.259902e-03	1.376500e-03	1.598300e-03	1.628400e-03	1.637400e-03	1.909200e-03	1.885500e-03	1.893898e-03	2.019000e-03	2.160621e-03	2.061800e-03	2.200900e-03	2.121600e-03	2.267600e-03	2.517400e-03	2.460100e-03	
-7.086500e-04	-3.500100e-05	5.037046e-04	7.951900e-04	1.063700e-03	1.259900e-03	1.376500e-03	1.598951e-03	1.628400e-03	1.911182e-03	1.909200e-03	1.885500e-03	1.893900e-03	2.019000e-03	2.160600e-03	2.061800e-03	2.200900e-03	2.334976e-03	2.267600e-03	2.517400e-03	2.460100e-03	
-5.222829e-04	-3.500100e-05	5.037000e-04	7.951900e-04	1.063700e-03	1.376482e-03	1.582467e-03	1.599000e-03	1.628400e-03	1.911200e-03	1.909200e-03	1.885500e-03	2.114821e-03	2.019000e-03	2.160600e-03	2.061800e-03	2.200900e-03	2.335000e-03	2.267600e-03	2.517400e-03	2.765162e-03	
-5.222800e-04	-3.500100e-05	5.807900e-04	9.256262e-04	1.063700e-03	1.376500e-03	1.582500e-03	1.599000e-03	1.880005e-03	1.911200e-03	1.909200e-03	1.885500e-03	2.114800e-03	2.019000e-03	2.160600e-03	2.287603e-03	2.200900e-03	2.335000e-03	2.267600e-03	2.517400e-03	2.765200e-03	
-5.222800e-04	2.113749e-04	5.807900e-04	9.256300e-04	1.235425e-03	1.376500e-03	1.582500e-03	1.599000e-03	1.880000e-03	1.911200e-03	1.909200e-03	1.885500e-03	2.114800e-03	2.019000e-03	2.160600e-03	2.287600e-03	2.200900e-03	2.335000e-03	2.267600e-03	2.517400e-03	2.765200e-03	
-5.222800e-04	2.129667e-04	5.807900e-04	9.256300e-04	1.235400e-03	1.376500e-03	1.582500e-03	1.820287e-03	1.880000e-03	1.911200e-03	1.909200e-03	1.885500e-03	2.114800e-03	2.019000e-03	2.160600e-03	2.287600e-03	2.200900e-03	2.335000e-03	2.461215e-03	2.517400e-03	2.765200e-03	
-3.195738e-04	2.129700e-04	7.871163e-04	1.022225e-03	1.235400e-03	1.492961e-03	1.582500e-03	1.820300e-03	1.880000e-03	1.911200e-03	1.909200e-03	1.885500e-03	2.114800e-03	2.019000e-03	2.160600e-03	2.287600e-03	2.414541e-03	2.335000e-03	2.461200e-03	2.517400e-03	2.765200e-03	
-3.195700e-04	2.129700e-04	7.871200e-04	1.022200e-03	1.376482e-03	1.493000e-03	1.585422e-03	1.820300e-03	1.880000e-03	1.911200e-03	1.909200e-03	1.885500e-03	2.114800e-03	2.019000e-03	2.160600e-03	2.287600e-03	2.414500e-03	2.335000e-03	2.465201e-03	2.517400e-03	2.765200e-03	
-3.195700e-04	2.129700e-04	7.871200e-04	1.155592e-03	1.376500e-03	1.493000e-03	1.585400e-03	1.820300e-03	1.880000e-03	1.911200e-03	1.909200e-03	1.885500e-03	2.114800e-03	2.098144e-03	2.160600e-03	2.287600e-03	2.414500e-03	2.335000e-03	2.629023e-03	2.856909e-03	2.765200e-03	
-2.689138e-04	4.760426e-04	8.472340e-04	1.155600e-03	1.376500e-03	1.606859e-03	1.793536e-03	1.820300e-03	1.880000e-03	1.911200e-03	1.909200e-03	1.885500e-03	2.114800e-03	2.098100e-03	2.160600e-03	2.287600e-03	2.414500e-03	2.525770e-03	2.629000e-03	2.856900e-03	2.765200e-03	
-1.178980e-04	4.760400e-04	8.472300e-04	1.155600e-03	1.376500e-03	1.687545e-03	1.793500e-03	1.820300e-03	1.880000e-03	1.911200e-03	1.909200e-03	1.885500e-03	2.114800e-03	2.098100e-03	2.160600e-03	2.287600e-03	2.414500e-03	2.525800e-03	2.629000e-03	2.856900e-03	2.765200e-03	
-1.179000e-04	4.760400e-04	8.472300e-04	1.287981e-03	1.453474e-03	1.687500e-03	1.793500e-03	1.820300e-03	1.880000e-03	1.911200e-03	1.909200e-03	2.196632e-03	2.114800e-03	2.242192e-03	2.160600e-03	2.287600e-03	2.414500e-03	2.525800e-03	2.629000e-03	2.856900e-03	2.765200e-03	
-4.967235e-05	4.760400e-04	1.090855e-03	1.288000e-03	1.453500e-03	1.687500e-03	1.793500e-03	1.820300e-03	1.880000e-03	1.911200e-03	1.909200e-03	2.196600e-03	2.114800e-03	2.023349e-03	2.160600e-03	2.287600e-03	2.414500e-03	2.525800e-03	2.629000e-03	2.706554e-03	2.765200e-03	
-4.967200e-05	5.388735e-04	1.090900e-03	1.288000e-03	1.584055e-03	1.687500e-03	1.793500e-03	1.820300e-03	1.880000e-03	1.911200e-03	1.909200e-03	1.887698e-03	2.114800e-03	2.023300e-03	2.160600e-03	2.287600e-03	2.414500e-03	2.525800e-03	2.471885e-03	2.536997e-03	2.765200e-03	
1.392850e-04	5.388700e-04	1.090900e-03	1.376482e-03	1.584100e-03	1.687500e-03	1.793500e-03	1.820300e-03	1.880000e-03	1.911200e-03	1.909200e-03	1.887700e-03	2.114800e-03	2.023300e-03	2.160600e-03	2.287600e-03	2.218966e-03	2.346713e-03	2.471900e-03	2.537000e-03	2.765200e-03	
1.392900e-04	7.625158e-04	1.112136e-03	1.376500e-03	1.584100e-03	1.687500e-03	1.793500e-03	2.071127e-03	1.880000e-03	1.911200e-03	1.909200e-03	1.887700e-03	2.114800e-03	2.023300e-03	2.160600e-03	2.287600e-03	2.219000e-03	2.346700e-03	2.300186e-03	2.537000e-03	2.765200e-03	
1.392900e-04	7.625200e-04	1.112100e-03	1.376500e-03	1.706435e-03	1.914651e-03	1.922632e-03	2.071100e-03	1.880000e-03	1.911200e-03	1.909200e-03	1.887700e-03	2.114800e-03	2.023300e-03	2.160600e-03	2.090688e-03	2.219000e-03	2.346700e-03	2.300200e-03	2.537000e-03	2.765200e-03	
1.831445e-04	7.625200e-04	1.112100e-03	1.604148e-03	1.706400e-03	1.914700e-03	1.922600e-03	2.071100e-03	1.880000e-03	1.911200e-03	1.909200e-03	1.887700e-03	2.114800e-03	2.023300e-03	1.964929e-03	2.090700e-03	2.219000e-03	2.167533e-03	2.300200e-03	2.394527e-03	2.505819e-03	
3.478835e-04	7.625200e-04	1.376482e-03	1.604100e-03	1.706400e-03	1.914700e-03	1.922600e-03	2.071100e-03	1.880000e-03	1.911200e-03	1.909200e-03	1.887700e-03	1.861361e-03	2.023300e-03	1.964900e-03	2.090700e-03	2.035501e-03	2.167500e-03	2.300200e-03	2.394500e-03	2.361754e-03	
3.478800e-04	8.520878e-04	1.376500e-03	1.604100e-03	1.706400e-03	1.914700e-03	1.922600e-03	2.071100e-03	1.880000e-03	1.911200e-03	1.909200e-03	1.887700e-03	1.861400e-03	1.830865e-03	1.964900e-03	2.090700e-03	2.035500e-03	2.167500e-03	2.136015e-03	2.257205e-03	2.361800e-03	
3.478800e-04	1.055224e-03	1.376500e-03	1.606484e-03	1.706400e-03	1.914700e-03	1.922600e-03	1.813422e-03	1.880000e-03	1.911200e-03	1.909200e-03	1.887700e-03	1.861400e-03	1.830900e-03	1.964900e-03	1.913416e-03	2.035500e-03	1.995217e-03	2.136000e-03	2.104451e-03	2.237428e-03	
5.583981e-04	1.055200e-03	1.376500e-03	1.606500e-03	1.706400e-03	1.914700e-03	1.793548e-03	1.813400e-03	1.880000e-03	1.635014e-03	1.909200e-03	1.632623e-03	1.861400e-03	1.724792e-03	1.964900e-03	1.739410e-03	1.866552e-03	1.995200e-03	1.970337e-03	2.104500e-03	2.092669e-03	
5.584000e-04	1.055200e-03	1.416789e-03	1.606500e-03	1.706400e-03	1.914700e-03	1.793500e-03	1.813400e-03	1.790689e-03	1.635000e-03	1.639496e-03	1.632600e-03	1.627537e-03	1.616632e-03	1.646518e-03	1.739400e-03	1.866600e-03	1.995200e-03	1.970300e-03	2.104500e-03	2.092700e-03	
